00000
00001
00002
00003
00005
00006
00007
00008
00009
00010
00011
00012
00013
00015
00016
00017
00018
00019
00020
00021
00022
00023
00025
00026
00027
00028
00029
00030
00031
00032
00033
00035
00036
00037
00038
00039
00050
00051
00052
00053
00055
00056
00057
00058
00059
00060
00061
00062
00063
00065
00066
00067
00068
00069
00070
00071
00072
00073
00075
00076
00077
00078
00079
00080
00081
00082
00083
00085
00086
00087
00088
00089
00090
00091
00092
00093
00095
00096
00097
00098
00099
00100
00101
00102
00103
00105
00106
00107
00108
00109
00110
00111
00112
00113
00115
00116
00117
00118
00119
00120
00121
00122
00123
00125
00126
00127
00128
00129
00130
00131
00132
00133
00135
00136
00137
00138
00139
00150
00151
00152
00153
00155
00156
00157
00158
00159
00160
00161
00162
00163
00165
00166
00167
00168
00169
00170
00171
00172
00173
00175
00176
00177
00178
00179
00180
00181
00182
00183
00185
00186
00187
00188
00189
00190
00191
00192
00193
00195
00196
00197
00198
00199
00200
00201
00202
00203
00205
00206
00207
00208
00209
00210
00211
00212
00213
00215
00216
00217
00218
00219
00220
00221
00222
00223
00225
00226
00227
00228
00229
00230
00231
00232
00233
00235
00236
00237
00238
00239
00250
00251
00252
00253
00255
00256
00257
00258
00259
00260
00261
00262
00263
00265
00266
00267
00268
00269
00270
00271
00272
00273
00275
00276
00277
00278
00279
00280
00281
00282
00283
00285
00286
00287
00288
00289
00290
00291
00292
00293
00295
00296
00297
00298
00299
00300
00301
00302
00303
00305
00306
00307
00308
00309
00310
00311
00312
00313
00315
00316
00317
00318
00319
00320
00321
00322
00323
00325
00326
00327
00328
00329
00330
00331
00332
00333
00335
00336
00337
00338
00339
00350
00351
00352
00353
00355
00356
00357
00358
00359
00360
00361
00362
00363
00365
00366
00367
00368
00369
00370
00371
00372
00373
00375
00376
00377
00378
00379
00380
00381
00382
00383
00385
00386
00387
00388
00389
00390
00391
00392
00393
00395
00396
00397
00398
00399
00500
00501
00502
00503
00505
00506
00507
00508
00509
00510
00511
00512
00513
00515
00516
00517
00518
00519
00520
00521
00522
00523
00525
00526
00527
00528
00529
00530
00531
00532
00533
00535
00536
00537
00538
00539
00550
00551
00552
00553
00555
00556
00557
00558
00559
00560
00561
00562
00563
00565
00566
00567
00568
00569
00570
00571
00572
00573
00575
00576
00577
00578
00579
00580
00581
00582
00583
00585
00586
00587
00588
00589
00590
00591
00592
00593
00595
00596
00597
00598
00599
00600
00601
00602
00603
00605
00606
00607
00608
00609
00610
00611
00612
00613
00615
00616
00617
00618
00619
00620
00621
00622
00623
00625
00626
00627
00628
00629
00630
00631
00632
00633
00635
00636
00637
00638
00639
00650
00651
00652
00653
00655
00656
00657
00658
00659
00660
00661
00662
00663
00665
00666
00667
00668
00669
00670
00671
00672
00673
00675
00676
00677
00678
00679
00680
00681
00682
00683
00685
00686
00687
00688
00689
00690
00691
00692
00693
00695
00696
00697
00698
00699
00700
00701
00702
00703
00705
00706
00707
00708
00709
00710
00711
00712
00713
00715
00716
00717
00718
00719
00720
00721
00722
00723
00725
00726
00727
00728
00729
00730
00731
00732
00733
00735
00736
00737
00738
00739
00750
00751
00752
00753
00755
00756
00757
00758
00759
00760
00761
00762
00763
00765
00766
00767
00768
00769
00770
00771
00772
00773
00775
00776
00777
00778
00779
00780
00781
00782
00783
00785
00786
00787
00788
00789
00790
00791
00792
00793
00795
00796
00797
00798
00799
00800
00801
00802
00803
00805
00806
00807
00808
00809
00810
00811
00812
00813
00815
00816
00817
00818
00819
00820
00821
00822
00823
00825
00826
00827
00828
00829
00830
00831
00832
00833
00835
00836
00837
00838
00839
00850
00851
00852
00853
00855
00856
00857
00858
00859
00860
00861
00862
00863
00865
00866
00867
00868
00869
00870
00871
00872
00873
00875
00876
00877
00878
00879
00880
00881
00882
00883
00885
00886
00887
00888
00889
00890
00891
00892
00893
00895
00896
00897
00898
00899
00900
00901
00902
00903
00905
00906
00907
00908
00909
00910
00911
00912
00913
00915
00916
00917
00918
00919
00920
00921
00922
00923
00925
00926
00927
00928
00929
00930
00931
00932
00933
00935
00936
00937
00938
00939
00950
00951
00952
00953
00955
00956
00957
00958
00959
00960
00961
00962
00963
00965
00966
00967
00968
00969
00970
00971
00972
00973
00975
00976
00977
00978
00979
00980
00981
00982
00983
00985
00986
00987
00988
00989
00990
00991
00992
00993
00995
00996
00997
00998
00999
01000
01001
01002
01003
01005
01006
01007
01008
01009
01010
01011
01012
01013
01015
01016
01017
01018
01019
01020
01021
01022
01023
01025
01026
01027
01028
01029
01030
01031
01032
01033
01035
01036
01037
01038
01039
01050
01051
01052
01053
01055
01056
01057
01058
01059
01060
01061
01062
01063
01065
01066
01067
01068
01069
01070
01071
01072
01073
01075
01076
01077
01078
01079
01080
01081
01082
01083
01085
01086
01087
01088
01089
01090
01091
01092
01093
01095
01096
01097
01098
01099
01100
01101
01102
01103
01105
01106
01107
01108
01109
01110
01111
01112
01113
01115
01116
01117
01118
01119
01120
01121
01122
01123
01125
01126
01127
01128
01129
01130
01131
01132
01133
01135
01136
01137
01138
01139
01150
01151
01152
01153
01155
01156
01157
01158
01159
01160
01161
01162
01163
01165
01166
01167
01168
01169
01170
01171
01172
01173
01175
01176
01177
01178
01179
01180
01181
01182
01183
01185
01186
01187
01188
01189
01190
01191
01192
01193
01195
01196
01197
01198
01199
01200
01201
01202
01203
01205
01206
01207
01208
01209
01210
01211
01212
01213
01215
01216
01217
01218
01219
01220
01221
01222
01223
01225
01226
01227
01228
01229
01230
01231
01232
01233
01235
01236
01237
01238
01239
01250
01251
01252
01253
01255
01256
01257
01258
01259
01260
01261
01262
01263
01265
01266
01267
01268
01269
01270
01271
01272
01273
01275
01276
01277
01278
01279
01280
01281
01282
01283
01285
01286
01287
01288
01289
01290
01291
01292
01293
01295
01296
01297
01298
01299
01300
01301
01302
01303
01305
01306
01307
01308
01309
01310
01311
01312
01313
01315
01316
01317
01318
01319
01320
01321
01322
01323
01325
01326
01327
01328
01329
01330
01331
01332
01333
01335
01336
01337
01338
01339
01350
01351
01352
01353
01355
01356
01357
01358
01359
01360
01361
01362
01363
01365
01366
01367
01368
01369
01370
01371
01372
01373
01375
01376
01377
01378
01379
01380
01381
01382
01383
01385
01386
01387
01388
01389
01390
01391
01392
01393
01395
01396
01397
01398
01399
01500
01501
01502
01503
01505
01506
01507
01508
01509
01510
01511
01512
01513
01515
01516
01517
01518
01519
01520
01521
01522
01523
01525
01526
01527
01528
01529
01530
01531
01532
01533
01535
01536
01537
01538
01539
01550
01551
01552
01553
01555
01556
01557
01558
01559
01560
01561
01562
01563
01565
01566
01567
01568
01569
01570
01571
01572
01573
01575
01576
01577
01578
01579
01580
01581
01582
01583
01585
01586
01587
01588
01589
01590
01591
01592
01593
01595
01596
01597
01598
01599
01600
01601
01602
01603
01605
01606
01607
01608
01609
01610
01611
01612
01613
01615
01616
01617
01618
01619
01620
01621
01622
01623
01625
01626
01627
01628
01629
01630
01631
01632
01633
01635
01636
01637
01638
01639
01650
01651
01652
01653
01655
01656
01657
01658
01659
01660
01661
01662
01663
01665
01666
01667
01668
01669
01670
01671
01672
01673
01675
01676
01677
01678
01679
01680
01681
01682
01683
01685
01686
01687
01688
01689
01690
01691
01692
01693
01695
01696
01697
01698
01699
01700
01701
01702
01703
01705
01706
01707
01708
01709
01710
01711
01712
01713
01715
01716
01717
01718
01719
01720
01721
01722
01723
01725
01726
01727
01728
01729
01730
01731
01732
01733
01735
01736
01737
01738
01739
01750
01751
01752
01753
01755
01756
01757
01758
01759
01760
01761
01762
01763
01765
01766
01767
01768
01769
01770
01771
01772
01773
01775
01776
01777
01778
01779
01780
01781
01782
01783
01785
01786
01787
01788
01789
01790
01791
01792
01793
01795
01796
01797
01798
01799
01800
01801
01802
01803
01805
01806
01807
01808
01809
01810
01811
01812
01813
01815
01816
01817
01818
01819
01820
01821
01822
01823
01825
01826
01827
01828
01829
01830
01831
01832
01833
01835
01836
01837
01838
01839
01850
01851
01852
01853
01855
01856
01857
01858
01859
01860
01861
01862
01863
01865
01866
01867
01868
01869
01870
01871
01872
01873
01875
01876
01877
01878
01879
01880
01881
01882
01883
01885
01886
01887
01888
01889
01890
01891
01892
01893
01895
01896
01897
01898
01899
01900
01901
01902
01903
01905
01906
01907
01908
01909
01910
01911
01912
01913
01915
01916
01917
01918
01919
01920
01921
01922
01923
01925
01926
01927
01928
01929
01930
01931
01932
01933
01935
01936
01937
01938
01939
01950
01951
01952
01953
01955
01956
01957
01958
01959
01960
01961
01962
01963
01965
01966
01967
01968
01969
01970
01971
01972
01973
01975
01976
01977
01978
01979
01980
01981
01982
01983
01985
01986
01987
01988
01989
01990
01991
01992
01993
01995
01996
01997
01998
01999
02000
02001
02002
02003
02005
02006
02007
02008
02009
02010
02011
02012
02013
02015
02016
02017
02018
02019
02020
02021
02022
02023
02025
02026
02027
02028
02029
02030
02031
02032
02033
02035
02036
02037
02038
02039
02050
02051
02052
02053
02055
02056
02057
02058
02059
02060
02061
02062
02063
02065
02066
02067
02068
02069
02070
02071
02072
02073
02075
02076
02077
02078
02079
02080
02081
02082
02083
02085
02086
02087
02088
02089
02090
02091
02092
02093
02095
02096
02097
02098
02099
02100
02101
02102
02103
02105
02106
02107
02108
02109
02110
02111
02112
02113
02115
02116
02117
02118
02119
02120
02121
02122
02123
02125
02126
02127
02128
02129
02130
02131
02132
02133
02135
02136
02137
02138
02139
02150
02151
02152
02153
02155
02156
02157
02158
02159
02160
02161
02162
02163
02165
02166
02167
02168
02169
02170
02171
02172
02173
02175
02176
02177
02178
02179
02180
02181
02182
02183
02185
02186
02187
02188
02189
02190
02191
02192
02193
02195
02196
02197
02198
02199
02200
02201
02202
02203
02205
02206
02207
02208
02209
02210
02211
02212
02213
02215
02216
02217
02218
02219
02220
02221
02222
02223
02225
02226
02227
02228
02229
02230
02231
02232
02233
02235
02236
02237
02238
02239
02250
02251
02252
02253
02255
02256
02257
02258
02259
02260
02261
02262
02263
02265
02266
02267
02268
02269
02270
02271
02272
02273
02275
02276
02277
02278
02279
02280
02281
02282
02283
02285
02286
02287
02288
02289
02290
02291
02292
02293
02295
02296
02297
02298
02299
02300
02301
02302
02303
02305
02306
02307
02308
02309
02310
02311
02312
02313
02315
02316
02317
02318
02319
02320
02321
02322
02323
02325
02326
02327
02328
02329
02330
02331
02332
02333
02335
02336
02337
02338
02339
02350
02351
02352
02353
02355
02356
02357
02358
02359
02360
02361
02362
02363
02365
02366
02367
02368
02369
02370
02371
02372
02373
02375
02376
02377
02378
02379
02380
02381
02382
02383
02385
02386
02387
02388
02389
02390
02391
02392
02393
02395
02396
02397
02398
02399
02500
02501
02502
02503
02505
02506
02507
02508
02509
02510
02511
02512
02513
02515
02516
02517
02518
02519
02520
02521
02522
02523
02525
02526
02527
02528
02529
02530
02531
02532
02533
02535
02536
02537
02538
02539
02550
02551
02552
02553
02555
02556
02557
02558
02559
02560
02561
02562
02563
02565
02566
02567
02568
02569
02570
02571
02572
02573
02575
02576
02577
02578
02579
02580
02581
02582
02583
02585
02586
02587
02588
02589
02590
02591
02592
02593
02595
02596
02597
02598
02599
02600
02601
02602
02603
02605
02606
02607
02608
02609
02610
02611
02612
02613
02615
02616
02617
02618
02619
02620
02621
02622
02623
02625
02626
02627
02628
02629
02630
02631
02632
02633
02635
02636
02637
02638
02639
02650
02651
02652
02653
02655
02656
02657
02658
02659
02660
02661
02662
02663
02665
02666
02667
02668
02669
02670
02671
02672
02673
02675
02676
02677
02678
02679
02680
02681
02682
02683
02685
02686
02687
02688
02689
02690
02691
02692
02693
02695
02696
02697
02698
02699
02700
02701
02702
02703
02705
02706
02707
02708
02709
02710
02711
02712
02713
02715
02716
02717
02718
02719
02720
02721
02722
02723
02725
02726
02727
02728
02729
02730
02731
02732
02733
02735
02736
02737
02738
02739
02750
02751
02752
02753
02755
02756
02757
02758
02759
02760
02761
02762
02763
02765
02766
02767
02768
02769
02770
02771
02772
02773
02775
02776
02777
02778
02779
02780
02781
02782
02783
02785
02786
02787
02788
02789
02790
02791
02792
02793
02795
02796
02797
02798
02799
02800
02801
02802
02803
02805
02806
02807
02808
02809
02810
02811
02812
02813
02815
02816
02817
02818
02819
02820
02821
02822
02823
02825
02826
02827
02828
02829
02830
02831
02832
02833
02835
02836
02837
02838
02839
02850
02851
02852
02853
02855
02856
02857
02858
02859
02860
02861
02862
02863
02865
02866
02867
02868
02869
02870
02871
02872
02873
02875
02876
02877
02878
02879
02880
02881
02882
02883
02885
02886
02887
02888
02889
02890
02891
02892
02893
02895
02896
02897
02898
02899
02900
02901
02902
02903
02905
02906
02907
02908
02909
02910
02911
02912
02913
02915
02916
02917
02918
02919
02920
02921
02922
02923
02925
02926
02927
02928
02929
02930
02931
02932
02933
02935
02936
02937
02938
02939
02950
02951
02952
02953
02955
02956
02957
02958
02959
02960
02961
02962
02963
02965
02966
02967
02968
02969
02970
02971
02972
02973
02975
02976
02977
02978
02979
02980
02981
02982
02983
02985
02986
02987
02988
02989
02990
02991
02992
02993
02995
02996
02997
02998
02999
03000
03001
03002
03003
03005
03006
03007
03008
03009
03010
03011
03012
03013
03015
03016
03017
03018
03019
03020
03021
03022
03023
03025
03026
03027
03028
03029
03030
03031
03032
03033
03035
03036
03037
03038
03039
03050
03051
03052
03053
03055
03056
03057
03058
03059
03060
03061
03062
03063
03065
03066
03067
03068
03069
03070
03071
03072
03073
03075
03076
03077
03078
03079
03080
03081
03082
03083
03085
03086
03087
03088
03089
03090
03091
03092
03093
03095
03096
03097
03098
03099
03100
03101
03102
03103
03105
03106
03107
03108
03109
03110
03111
03112
03113
03115
03116
03117
03118
03119
03120
03121
03122
03123
03125
03126
03127
03128
03129
03130
03131
03132
03133
03135
03136
03137
03138
03139
03150
03151
03152
03153
03155
03156
03157
03158
03159
03160
03161
03162
03163
03165
03166
03167
03168
03169
03170
03171
03172
03173
03175
03176
03177
03178
03179
03180
03181
03182
03183
03185
03186
03187
03188
03189
03190
03191
03192
03193
03195
03196
03197
03198
03199
03200
03201
03202
03203
03205
03206
03207
03208
03209
03210
03211
03212
03213
03215
03216
03217
03218
03219
03220
03221
03222
03223
03225
03226
03227
03228
03229
03230
03231
03232
03233
03235
03236
03237
03238
03239
03250
03251
03252
03253
03255
03256
03257
03258
03259
03260
03261
03262
03263
03265
03266
03267
03268
03269
03270
03271
03272
03273
03275
03276
03277
03278
03279
03280
03281
03282
03283
03285
03286
03287
03288
03289
03290
03291
03292
03293
03295
03296
03297
03298
03299
03300
03301
03302
03303
03305
03306
03307
03308
03309
03310
03311
03312
03313
03315
03316
03317
03318
03319
03320
03321
03322
03323
03325
03326
03327
03328
03329
03330
03331
03332
03333
03335
03336
03337
03338
03339
03350
03351
03352
03353
03355
03356
03357
03358
03359
03360
03361
03362
03363
03365
03366
03367
03368
03369
03370
03371
03372
03373
03375
03376
03377
03378
03379
03380
03381
03382
03383
03385
03386
03387
03388
03389
03390
03391
03392
03393
03395
03396
03397
03398
03399
03500
03501
03502
03503
03505
03506
03507
03508
03509
03510
03511
03512
03513
03515
03516
03517
03518
03519
03520
03521
03522
03523
03525
03526
03527
03528
03529
03530
03531
03532
03533
03535
03536
03537
03538
03539
03550
03551
03552
03553
03555
03556
03557
03558
03559
03560
03561
03562
03563
03565
03566
03567
03568
03569
03570
03571
03572
03573
03575
03576
03577
03578
03579
03580
03581
03582
03583
03585
03586
03587
03588
03589
03590
03591
03592
03593
03595
03596
03597
03598
03599
03600
03601
03602
03603
03605
03606
03607
03608
03609
03610
03611
03612
03613
03615
03616
03617
03618
03619
03620
03621
03622
03623
03625
03626
03627
03628
03629
03630
03631
03632
03633
03635
03636
03637
03638
03639
03650
03651
03652
03653
03655
03656
03657
03658
03659
03660
03661
03662
03663
03665
03666
03667
03668
03669
03670
03671
03672
03673
03675
03676
03677
03678
03679
03680
03681
03682
03683
03685
03686
03687
03688
03689
03690
03691
03692
03693
03695
03696
03697
03698
03699
03700
03701
03702
03703
03705
03706
03707
03708
03709
03710
03711
03712
03713
03715
03716
03717
03718
03719
03720
03721
03722
03723
03725
03726
03727
03728
03729
03730
03731
03732
03733
03735
03736
03737
03738
03739
03750
03751
03752
03753
03755
03756
03757
03758
03759
03760
03761
03762
03763
03765
03766
03767
03768
03769
03770
03771
03772
03773
03775
03776
03777
03778
03779
03780
03781
03782
03783
03785
03786
03787
03788
03789
03790
03791
03792
03793
03795
03796
03797
03798
03799
03800
03801
03802
03803
03805
03806
03807
03808
03809
03810
03811
03812
03813
03815
03816
03817
03818
03819
03820
03821
03822
03823
03825
03826
03827
03828
03829
03830
03831
03832
03833
03835
03836
03837
03838
03839
03850
03851
03852
03853
03855
03856
03857
03858
03859
03860
03861
03862
03863
03865
03866
03867
03868
03869
03870
03871
03872
03873
03875
03876
03877
03878
03879
03880
03881
03882
03883
03885
03886
03887
03888
03889
03890
03891
03892
03893
03895
03896
03897
03898
03899
03900
03901
03902
03903
03905
03906
03907
03908
03909
03910
03911
03912
03913
03915
03916
03917
03918
03919
03920
03921
03922
03923
03925
03926
03927
03928
03929
03930
03931
03932
03933
03935
03936
03937
03938
03939
03950
03951
03952
03953
03955
03956
03957
03958
03959
03960
03961
03962
03963
03965
03966
03967
03968
03969
03970
03971
03972
03973
03975
03976
03977
03978
03979
03980
03981
03982
03983
03985
03986
03987
03988
03989
03990
03991
03992
03993
03995
03996
03997
03998
03999
05000
05001
05002
05003
05005
05006
05007
05008
05009
05010
05011
05012
05013
05015
05016
05017
05018
05019
05020
05021
05022
05023
05025
05026
05027
05028
05029
05030
05031
05032
05033
05035
05036
05037
05038
05039
05050
05051
05052
05053
05055
05056
05057
05058
05059
05060
05061
05062
05063
05065
05066
05067
05068
05069
05070
05071
05072
05073
05075
05076
05077
05078
05079
05080
05081
05082
05083
05085
05086
05087
05088
05089
05090
05091
05092
05093
05095
05096
05097
05098
05099
05100
05101
05102
05103
05105
05106
05107
05108
05109
05110
05111
05112
05113
05115
05116
05117
05118
05119
05120
05121
05122
05123
05125
05126
05127
05128
05129
05130
05131
05132
05133
05135
05136
05137
05138
05139
05150
05151
05152
05153
05155
05156
05157
05158
05159
05160
05161
05162
05163
05165
05166
05167
05168
05169
05170
05171
05172
05173
05175
05176
05177
05178
05179
05180
05181
05182
05183
05185
05186
05187
05188
05189
05190
05191
05192
05193
05195
05196
05197
05198
05199
05200
05201
05202
05203
05205
05206
05207
05208
05209
05210
05211
05212
05213
05215
05216
05217
05218
05219
05220
05221
05222
05223
05225
05226
05227
05228
05229
05230
05231
05232
05233
05235
05236
05237
05238
05239
05250
05251
05252
05253
05255
05256
05257
05258
05259
05260
05261
05262
05263
05265
05266
05267
05268
05269
05270
05271
05272
05273
05275
05276
05277
05278
05279
05280
05281
05282
05283
05285
05286
05287
05288
05289
05290
05291
05292
05293
05295
05296
05297
05298
05299
05300
05301
05302
05303
05305
05306
05307
05308
05309
05310
05311
05312
05313
05315
05316
05317
05318
05319
05320
05321
05322
05323
05325
05326
05327
05328
05329
05330
05331
05332
05333
05335
05336
05337
05338
05339
05350
05351
05352
05353
05355
05356
05357
05358
05359
05360
05361
05362
05363
05365
05366
05367
05368
05369
05370
05371
05372
05373
05375
05376
05377
05378
05379
05380
05381
05382
05383
05385
05386
05387
05388
05389
05390
05391
05392
05393
05395
05396
05397
05398
05399
05500
05501
05502
05503
05505
05506
05507
05508
05509
05510
05511
05512
05513
05515
05516
05517
05518
05519
05520
05521
05522
05523
05525
05526
05527
05528
05529
05530
05531
05532
05533
05535
05536
05537
05538
05539
05550
05551
05552
05553
05555
05556
05557
05558
05559
05560
05561
05562
05563
05565
05566
05567
05568
05569
05570
05571
05572
05573
05575
05576
05577
05578
05579
05580
05581
05582
05583
05585
05586
05587
05588
05589
05590
05591
05592
05593
05595
05596
05597
05598
05599
05600
05601
05602
05603
05605
05606
05607
05608
05609
05610
05611
05612
05613
05615
05616
05617
05618
05619
05620
05621
05622
05623
05625
05626
05627
05628
05629
05630
05631
05632
05633
05635
05636
05637
05638
05639
05650
05651
05652
05653
05655
05656
05657
05658
05659
05660
05661
05662
05663
05665
05666
05667
05668
05669
05670
05671
05672
05673
05675
05676
05677
05678
05679
05680
05681
05682
05683
05685
05686
05687
05688
05689
05690
05691
05692
05693
05695
05696
05697
05698
05699
05700
05701
05702
05703
05705
05706
05707
05708
05709
05710
05711
05712
05713
05715
05716
05717
05718
05719
05720
05721
05722
05723
05725
05726
05727
05728
05729
05730
05731
05732
05733
05735
05736
05737
05738
05739
05750
05751
05752
05753
05755
05756
05757
05758
05759
05760
05761
05762
05763
05765
05766
05767
05768
05769
05770
05771
05772
05773
05775
05776
05777
05778
05779
05780
05781
05782
05783
05785
05786
05787
05788
05789
05790
05791
05792
05793
05795
05796
05797
05798
05799
05800
05801
05802
05803
05805
05806
05807
05808
05809
05810
05811
05812
05813
05815
05816
05817
05818
05819
05820
05821
05822
05823
05825
05826
05827
05828
05829
05830
05831
05832
05833
05835
05836
05837
05838
05839
05850
05851
05852
05853
05855
05856
05857
05858
05859
05860
05861
05862
05863
05865
05866
05867
05868
05869
05870
05871
05872
05873
05875
05876
05877
05878
05879
05880
05881
05882
05883
05885
05886
05887
05888
05889
05890
05891
05892
05893
05895
05896
05897
05898
05899
05900
05901
05902
05903
05905
05906
05907
05908
05909
05910
05911
05912
05913
05915
05916
05917
05918
05919
05920
05921
05922
05923
05925
05926
05927
05928
05929
05930
05931
05932
05933
05935
05936
05937
05938
05939
05950
05951
05952
05953
05955
05956
05957
05958
05959
05960
05961
05962
05963
05965
05966
05967
05968
05969
05970
05971
05972
05973
05975
05976
05977
05978
05979
05980
05981
05982
05983
05985
05986
05987
05988
05989
05990
05991
05992
05993
05995
05996
05997
05998
05999
06000
06001
06002
06003
06005
06006
06007
06008
06009
06010
06011
06012
06013
06015
06016
06017
06018
06019
06020
06021
06022
06023
06025
06026
06027
06028
06029
06030
06031
06032
06033
06035
06036
06037
06038
06039
06050
06051
06052
06053
06055
06056
06057
06058
06059
06060
06061
06062
06063
06065
06066
06067
06068
06069
06070
06071
06072
06073
06075
06076
06077
06078
06079
06080
06081
06082
06083
06085
06086
06087
06088
06089
06090
06091
06092
06093
06095
06096
06097
06098
06099
06100
06101
06102
06103
06105
06106
06107
06108
06109
06110
06111
06112
06113
06115
06116
06117
06118
06119
06120
06121
06122
06123
06125
06126
06127
06128
06129
06130
06131
06132
06133
06135
06136
06137
06138
06139
06150
06151
06152
06153
06155
06156
06157
06158
06159
06160
06161
06162
06163
06165
06166
06167
06168
06169
06170
06171
06172
06173
06175
06176
06177
06178
06179
06180
06181
06182
06183
06185
06186
06187
06188
06189
06190
06191
06192
06193
06195
06196
06197
06198
06199
06200
06201
06202
06203
06205
06206
06207
06208
06209
06210
06211
06212
06213
06215
06216
06217
06218
06219
06220
06221
06222
06223
06225
06226
06227
06228
06229
06230
06231
06232
06233
06235
06236
06237
06238
06239
06250
06251
06252
06253
06255
06256
06257
06258
06259
06260
06261
06262
06263
06265
06266
06267
06268
06269
06270
06271
06272
06273
06275
06276
06277
06278
06279
06280
06281
06282
06283
06285
06286
06287
06288
06289
06290
06291
06292
06293
06295
06296
06297
06298
06299
06300
06301
06302
06303
06305
06306
06307
06308
06309
06310
06311
06312
06313
06315
06316
06317
06318
06319
06320
06321
06322
06323
06325
06326
06327
06328
06329
06330
06331
06332
06333
06335
06336
06337
06338
06339
06350
06351
06352
06353
06355
06356
06357
06358
06359
06360
06361
06362
06363
06365
06366
06367
06368
06369
06370
06371
06372
06373
06375
06376
06377
06378
06379
06380
06381
06382
06383
06385
06386
06387
06388
06389
06390
06391
06392
06393
06395
06396
06397
06398
06399
06500
06501
06502
06503
06505
06506
06507
06508
06509
06510
06511
06512
06513
06515
06516
06517
06518
06519
06520
06521
06522
06523
06525
06526
06527
06528
06529
06530
06531
06532
06533
06535
06536
06537
06538
06539
06550
06551
06552
06553
06555
06556
06557
06558
06559
06560
06561
06562
06563
06565
06566
06567
06568
06569
06570
06571
06572
06573
06575
06576
06577
06578
06579
06580
06581
06582
06583
06585
06586
06587
06588
06589
06590
06591
06592
06593
06595
06596
06597
06598
06599
06600
06601
06602
06603
06605
06606
06607
06608
06609
06610
06611
06612
06613
06615
06616
06617
06618
06619
06620
06621
06622
06623
06625
06626
06627
06628
06629
06630
06631
06632
06633
06635
06636
06637
06638
06639
06650
06651
06652
06653
06655
06656
06657
06658
06659
06660
06661
06662
06663
06665
06666
06667
06668
06669
06670
06671
06672
06673
06675
06676
06677
06678
06679
06680
06681
06682
06683
06685
06686
06687
06688
06689
06690
06691
06692
06693
06695
06696
06697
06698
06699
06700
06701
06702
06703
06705
06706
06707
06708
06709
06710
06711
06712
06713
06715
06716
06717
06718
06719
06720
06721
06722
06723
06725
06726
06727
06728
06729
06730
06731
06732
06733
06735
06736
06737
06738
06739
06750
06751
06752
06753
06755
06756
06757
06758
06759
06760
06761
06762
06763
06765
06766
06767
06768
06769
06770
06771
06772
06773
06775
06776
06777
06778
06779
06780
06781
06782
06783
06785
06786
06787
06788
06789
06790
06791
06792
06793
06795
06796
06797
06798
06799
06800
06801
06802
06803
06805
06806
06807
06808
06809
06810
06811
06812
06813
06815
06816
06817
06818
06819
06820
06821
06822
06823
06825
06826
06827
06828
06829
06830
06831
06832
06833
06835
06836
06837
06838
06839
06850
06851
06852
06853
06855
06856
06857
06858
06859
06860
06861
06862
06863
06865
06866
06867
06868
06869
06870
06871
06872
06873
06875
06876
06877
06878
06879
06880
06881
06882
06883
06885
06886
06887
06888
06889
06890
06891
06892
06893
06895
06896
06897
06898
06899
06900
06901
06902
06903
06905
06906
06907
06908
06909
06910
06911
06912
06913
06915
06916
06917
06918
06919
06920
06921
06922
06923
06925
06926
06927
06928
06929
06930
06931
06932
06933
06935
06936
06937
06938
06939
06950
06951
06952
06953
06955
06956
06957
06958
06959
06960
06961
06962
06963
06965
06966
06967
06968
06969
06970
06971
06972
06973
06975
06976
06977
06978
06979
06980
06981
06982
06983
06985
06986
06987
06988
06989
06990
06991
06992
06993
06995
06996
06997
06998
06999
07000
07001
07002
07003
07005
07006
07007
07008
07009
07010
07011
07012
07013
07015
07016
07017
07018
07019
07020
07021
07022
07023
07025
07026
07027
07028
07029
07030
07031
07032
07033
07035
07036
07037
07038
07039
07050
07051
07052
07053
07055
07056
07057
07058
07059
07060
07061
07062
07063
07065
07066
07067
07068
07069
07070
07071
07072
07073
07075
07076
07077
07078
07079
07080
07081
07082
07083
07085
07086
07087
07088
07089
07090
07091
07092
07093
07095
07096
07097
07098
07099
07100
07101
07102
07103
07105
07106
07107
07108
07109
07110
07111
07112
07113
07115
07116
07117
07118
07119
07120
07121
07122
07123
07125
07126
07127
07128
07129
07130
07131
07132
07133
07135
07136
07137
07138
07139
07150
07151
07152
07153
07155
07156
07157
07158
07159
07160
07161
07162
07163
07165
07166
07167
07168
07169
07170
07171
07172
07173
07175
07176
07177
07178
07179
07180
07181
07182
07183
07185
07186
07187
07188
07189
07190
07191
07192
07193
07195
07196
07197
07198
07199
07200
07201
07202
07203
07205
07206
07207
07208
07209
07210
07211
07212
07213
07215
07216
07217
07218
07219
07220
07221
07222
07223
07225
07226
07227
07228
07229
07230
07231
07232
07233
07235
07236
07237
07238
07239
07250
07251
07252
07253
07255
07256
07257
07258
07259
07260
07261
07262
07263
07265
07266
07267
07268
07269
07270
07271
07272
07273
07275
07276
07277
07278
07279
07280
07281
07282
07283
07285
07286
07287
07288
07289
07290
07291
07292
07293
07295
07296
07297
07298
07299
07300
07301
07302
07303
07305
07306
07307
07308
07309
07310
07311
07312
07313
07315
07316
07317
07318
07319
07320
07321
07322
07323
07325
07326
07327
07328
07329
07330
07331
07332
07333
07335
07336
07337
07338
07339
07350
07351
07352
07353
07355
07356
07357
07358
07359
07360
07361
07362
07363
07365
07366
07367
07368
07369
07370
07371
07372
07373
07375
07376
07377
07378
07379
07380
07381
07382
07383
07385
07386
07387
07388
07389
07390
07391
07392
07393
07395
07396
07397
07398
07399
07500
07501
07502
07503
07505
07506
07507
07508
07509
07510
07511
07512
07513
07515
07516
07517
07518
07519
07520
07521
07522
07523
07525
07526
07527
07528
07529
07530
07531
07532
07533
07535
07536
07537
07538
07539
07550
07551
07552
07553
07555
07556
07557
07558
07559
07560
07561
07562
07563
07565
07566
07567
07568
07569
07570
07571
07572
07573
07575
07576
07577
07578
07579
07580
07581
07582
07583
07585
07586
07587
07588
07589
07590
07591
07592
07593
07595
07596
07597
07598
07599
07600
07601
07602
07603
07605
07606
07607
07608
07609
07610
07611
07612
07613
07615
07616
07617
07618
07619
07620
07621
07622
07623
07625
07626
07627
07628
07629
07630
07631
07632
07633
07635
07636
07637
07638
07639
07650
07651
07652
07653
07655
07656
07657
07658
07659
07660
07661
07662
07663
07665
07666
07667
07668
07669
07670
07671
07672
07673
07675
07676
07677
07678
07679
07680
07681
07682
07683
07685
07686
07687
07688
07689
07690
07691
07692
07693
07695
07696
07697
07698
07699
07700
07701
07702
07703
07705
07706
07707
07708
07709
07710
07711
07712
07713
07715
07716
07717
07718
07719
07720
07721
07722
07723
07725
07726
07727
07728
07729
07730
07731
07732
07733
07735
07736
07737
07738
07739
07750
07751
07752
07753
07755
07756
07757
07758
07759
07760
07761
07762
07763
07765
07766
07767
07768
07769
07770
07771
07772
07773
07775
07776
07777
07778
07779
07780
07781
07782
07783
07785
07786
07787
07788
07789
07790
07791
07792
07793
07795
07796
07797
07798
07799
07800
07801
07802
07803
07805
07806
07807
07808
07809
07810
07811
07812
07813
07815
07816
07817
07818
07819
07820
07821
07822
07823
07825
07826
07827
07828
07829
07830
07831
07832
07833
07835
07836
07837
07838
07839
07850
07851
07852
07853
07855
07856
07857
07858
07859
07860
07861
07862
07863
07865
07866
07867
07868
07869
07870
07871
07872
07873
07875
07876
07877
07878
07879
07880
07881
07882
07883
07885
07886
07887
07888
07889
07890
07891
07892
07893
07895
07896
07897
07898
07899
07900
07901
07902
07903
07905
07906
07907
07908
07909
07910
07911
07912
07913
07915
07916
07917
07918
07919
07920
07921
07922
07923
07925
07926
07927
07928
07929
07930
07931
07932
07933
07935
07936
07937
07938
07939
07950
07951
07952
07953
07955
07956
07957
07958
07959
07960
07961
07962
07963
07965
07966
07967
07968
07969
07970
07971
07972
07973
07975
07976
07977
07978
07979
07980
07981
07982
07983
07985
07986
07987
07988
07989
07990
07991
07992
07993
07995
07996
07997
07998
07999
08000
08001
08002
08003
08005
08006
08007
08008
08009
08010
08011
08012
08013
08015
08016
08017
08018
08019
08020
08021
08022
08023
08025
08026
08027
08028
08029
08030
08031
08032
08033
08035
08036
08037
08038
08039
08050
08051
08052
08053
08055
08056
08057
08058
08059
08060
08061
08062
08063
08065
08066
08067
08068
08069
08070
08071
08072
08073
08075
08076
08077
08078
08079
08080
08081
08082
08083
08085
08086
08087
08088
08089
08090
08091
08092
08093
08095
08096
08097
08098
08099
08100
08101
08102
08103
08105
08106
08107
08108
08109
08110
08111
08112
08113
08115
08116
08117
08118
08119
08120
08121
08122
08123
08125
08126
08127
08128
08129
08130
08131
08132
08133
08135
08136
08137
08138
08139
08150
08151
08152
08153
08155
08156
08157
08158
08159
08160
08161
08162
08163
08165
08166
08167
08168
08169
08170
08171
08172
08173
08175
08176
08177
08178
08179
08180
08181
08182
08183
08185
08186
08187
08188
08189
08190
08191
08192
08193
08195
08196
08197
08198
08199
08200
08201
08202
08203
08205
08206
08207
08208
08209
08210
08211
08212
08213
08215
08216
08217
08218
08219
08220
08221
08222
08223
08225
08226
08227
08228
08229
08230
08231
08232
08233
08235
08236
08237
08238
08239
08250
08251
08252
08253
08255
08256
08257
08258
08259
08260
08261
08262
08263
08265
08266
08267
08268
08269
08270
08271
08272
08273
08275
08276
08277
08278
08279
08280
08281
08282
08283
08285
08286
08287
08288
08289
08290
08291
08292
08293
08295
08296
08297
08298
08299
08300
08301
08302
08303
08305
08306
08307
08308
08309
08310
08311
08312
08313
08315
08316
08317
08318
08319
08320
08321
08322
08323
08325
08326
08327
08328
08329
08330
08331
08332
08333
08335
08336
08337
08338
08339
08350
08351
08352
08353
08355
08356
08357
08358
08359
08360
08361
08362
08363
08365
08366
08367
08368
08369
08370
08371
08372
08373
08375
08376
08377
08378
08379
08380
08381
08382
08383
08385
08386
08387
08388
08389
08390
08391
08392
08393
08395
08396
08397
08398
08399
08500
08501
08502
08503
08505
08506
08507
08508
08509
08510
08511
08512
08513
08515
08516
08517
08518
08519
08520
08521
08522
08523
08525
08526
08527
08528
08529
08530
08531
08532
08533
08535
08536
08537
08538
08539
08550
08551
08552
08553
08555
08556
08557
08558
08559
08560
08561
08562
08563
08565
08566
08567
08568
08569
08570
08571
08572
08573
08575
08576
08577
08578
08579
08580
08581
08582
08583
08585
08586
08587
08588
08589
08590
08591
08592
08593
08595
08596
08597
08598
08599
08600
08601
08602
08603
08605
08606
08607
08608
08609
08610
08611
08612
08613
08615
08616
08617
08618
08619
08620
08621
08622
08623
08625
08626
08627
08628
08629
08630
08631
08632
08633
08635
08636
08637
08638
08639
08650
08651
08652
08653
08655
08656
08657
08658
08659
08660
08661
08662
08663
08665
08666
08667
08668
08669
08670
08671
08672
08673
08675
08676
08677
08678
08679
08680
08681
08682
08683
08685
08686
08687
08688
08689
08690
08691
08692
08693
08695
08696
08697
08698
08699
08700
08701
08702
08703
08705
08706
08707
08708
08709
08710
08711
08712
08713
08715
08716
08717
08718
08719
08720
08721
08722
08723
08725
08726
08727
08728
08729
08730
08731
08732
08733
08735
08736
08737
08738
08739
08750
08751
08752
08753
08755
08756
08757
08758
08759
08760
08761
08762
08763
08765
08766
08767
08768
08769
08770
08771
08772
08773
08775
08776
08777
08778
08779
08780
08781
08782
08783
08785
08786
08787
08788
08789
08790
08791
08792
08793
08795
08796
08797
08798
08799
08800
08801
08802
08803
08805
08806
08807
08808
08809
08810
08811
08812
08813
08815
08816
08817
08818
08819
08820
08821
08822
08823
08825
08826
08827
08828
08829
08830
08831
08832
08833
08835
08836
08837
08838
08839
08850
08851
08852
08853
08855
08856
08857
08858
08859
08860
08861
08862
08863
08865
08866
08867
08868
08869
08870
08871
08872
08873
08875
08876
08877
08878
08879
08880
08881
08882
08883
08885
08886
08887
08888
08889
08890
08891
08892
08893
08895
08896
08897
08898
08899
08900
08901
08902
08903
08905
08906
08907
08908
08909
08910
08911
08912
08913
08915
08916
08917
08918
08919
08920
08921
08922
08923
08925
08926
08927
08928
08929
08930
08931
08932
08933
08935
08936
08937
08938
08939
08950
08951
08952
08953
08955
08956
08957
08958
08959
08960
08961
08962
08963
08965
08966
08967
08968
08969
08970
08971
08972
08973
08975
08976
08977
08978
08979
08980
08981
08982
08983
08985
08986
08987
08988
08989
08990
08991
08992
08993
08995
08996
08997
08998
08999
09000
09001
09002
09003
09005
09006
09007
09008
09009
09010
09011
09012
09013
09015
09016
09017
09018
09019
09020
09021
09022
09023
09025
09026
09027
09028
09029
09030
09031
09032
09033
09035
09036
09037
09038
09039
09050
09051
09052
09053
09055
09056
09057
09058
09059
09060
09061
09062
09063
09065
09066
09067
09068
09069
09070
09071
09072
09073
09075
09076
09077
09078
09079
09080
09081
09082
09083
09085
09086
09087
09088
09089
09090
09091
09092
09093
09095
09096
09097
09098
09099
09100
09101
09102
09103
09105
09106
09107
09108
09109
09110
09111
09112
09113
09115
09116
09117
09118
09119
09120
09121
09122
09123
09125
09126
09127
09128
09129
09130
09131
09132
09133
09135
09136
09137
09138
09139
09150
09151
09152
09153
09155
09156
09157
09158
09159
09160
09161
09162
09163
09165
09166
09167
09168
09169
09170
09171
09172
09173
09175
09176
09177
09178
09179
09180
09181
09182
09183
09185
09186
09187
09188
09189
09190
09191
09192
09193
09195
09196
09197
09198
09199
09200
09201
09202
09203
09205
09206
09207
09208
09209
09210
09211
09212
09213
09215
09216
09217
09218
09219
09220
09221
09222
09223
09225
09226
09227
09228
09229
09230
09231
09232
09233
09235
09236
09237
09238
09239
09250
09251
09252
09253
09255
09256
09257
09258
09259
09260
09261
09262
09263
09265
09266
09267
09268
09269
09270
09271
09272
09273
09275
09276
09277
09278
09279
09280
09281
09282
09283
09285
09286
09287
09288
09289
09290
09291
09292
09293
09295
09296
09297
09298
09299
09300
09301
09302
09303
09305
09306
09307
09308
09309
09310
09311
09312
09313
09315
09316
09317
09318
09319
09320
09321
09322
09323
09325
09326
09327
09328
09329
09330
09331
09332
09333
09335
09336
09337
09338
09339
09350
09351
09352
09353
09355
09356
09357
09358
09359
09360
09361
09362
09363
09365
09366
09367
09368
09369
09370
09371
09372
09373
09375
09376
09377
09378
09379
09380
09381
09382
09383
09385
09386
09387
09388
09389
09390
09391
09392
09393
09395
09396
09397
09398
09399
09500
09501
09502
09503
09505
09506
09507
09508
09509
09510
09511
09512
09513
09515
09516
09517
09518
09519
09520
09521
09522
09523
09525
09526
09527
09528
09529
09530
09531
09532
09533
09535
09536
09537
09538
09539
09550
09551
09552
09553
09555
09556
09557
09558
09559
09560
09561
09562
09563
09565
09566
09567
09568
09569
09570
09571
09572
09573
09575
09576
09577
09578
09579
09580
09581
09582
09583
09585
09586
09587
09588
09589
09590
09591
09592
09593
09595
09596
09597
09598
09599
09600
09601
09602
09603
09605
09606
09607
09608
09609
09610
09611
09612
09613
09615
09616
09617
09618
09619
09620
09621
09622
09623
09625
09626
09627
09628
09629
09630
09631
09632
09633
09635
09636
09637
09638
09639
09650
09651
09652
09653
09655
09656
09657
09658
09659
09660
09661
09662
09663
09665
09666
09667
09668
09669
09670
09671
09672
09673
09675
09676
09677
09678
09679
09680
09681
09682
09683
09685
09686
09687
09688
09689
09690
09691
09692
09693
09695
09696
09697
09698
09699
09700
09701
09702
09703
09705
09706
09707
09708
09709
09710
09711
09712
09713
09715
09716
09717
09718
09719
09720
09721
09722
09723
09725
09726
09727
09728
09729
09730
09731
09732
09733
09735
09736
09737
09738
09739
09750
09751
09752
09753
09755
09756
09757
09758
09759
09760
09761
09762
09763
09765
09766
09767
09768
09769
09770
09771
09772
09773
09775
09776
09777
09778
09779
09780
09781
09782
09783
09785
09786
09787
09788
09789
09790
09791
09792
09793
09795
09796
09797
09798
09799
09800
09801
09802
09803
09805
09806
09807
09808
09809
09810
09811
09812
09813
09815
09816
09817
09818
09819
09820
09821
09822
09823
09825
09826
09827
09828
09829
09830
09831
09832
09833
09835
09836
09837
09838
09839
09850
09851
09852
09853
09855
09856
09857
09858
09859
09860
09861
09862
09863
09865
09866
09867
09868
09869
09870
09871
09872
09873
09875
09876
09877
09878
09879
09880
09881
09882
09883
09885
09886
09887
09888
09889
09890
09891
09892
09893
09895
09896
09897
09898
09899
09900
09901
09902
09903
09905
09906
09907
09908
09909
09910
09911
09912
09913
09915
09916
09917
09918
09919
09920
09921
09922
09923
09925
09926
09927
09928
09929
09930
09931
09932
09933
09935
09936
09937
09938
09939
09950
09951
09952
09953
09955
09956
09957
09958
09959
09960
09961
09962
09963
09965
09966
09967
09968
09969
09970
09971
09972
09973
09975
09976
09977
09978
09979
09980
09981
09982
09983
09985
09986
09987
09988
09989
09990
09991
09992
09993
09995
09996
09997
09998
09999
