00004
00014
00024
00034
00040
00041
00042
00043
00044
00045
00046
00047
00048
00049
00054
00064
00074
00084
00094
00104
00114
00124
00134
00140
00141
00142
00143
00144
00145
00146
00147
00148
00149
00154
00164
00174
00184
00194
00204
00214
00224
00234
00240
00241
00242
00243
00244
00245
00246
00247
00248
00249
00254
00264
00274
00284
00294
00304
00314
00324
00334
00340
00341
00342
00343
00344
00345
00346
00347
00348
00349
00354
00364
00374
00384
00394
00400
00401
00402
00403
00404
00405
00406
00407
00408
00409
00410
00411
00412
00413
00414
00415
00416
00417
00418
00419
00420
00421
00422
00423
00424
00425
00426
00427
00428
00429
00430
00431
00432
00433
00434
00435
00436
00437
00438
00439
00440
00441
00442
00443
00444
00445
00446
00447
00448
00449
00450
00451
00452
00453
00454
00455
00456
00457
00458
00459
00460
00461
00462
00463
00464
00465
00466
00467
00468
00469
00470
00471
00472
00473
00474
00475
00476
00477
00478
00479
00480
00481
00482
00483
00484
00485
00486
00487
00488
00489
00490
00491
00492
00493
00494
00495
00496
00497
00498
00499
00504
00514
00524
00534
00540
00541
00542
00543
00544
00545
00546
00547
00548
00549
00554
00564
00574
00584
00594
00604
00614
00624
00634
00640
00641
00642
00643
00644
00645
00646
00647
00648
00649
00654
00664
00674
00684
00694
00704
00714
00724
00734
00740
00741
00742
00743
00744
00745
00746
00747
00748
00749
00754
00764
00774
00784
00794
00804
00814
00824
00834
00840
00841
00842
00843
00844
00845
00846
00847
00848
00849
00854
00864
00874
00884
00894
00904
00914
00924
00934
00940
00941
00942
00943
00944
00945
00946
00947
00948
00949
00954
00964
00974
00984
00994
01004
01014
01024
01034
01040
01041
01042
01043
01044
01045
01046
01047
01048
01049
01054
01064
01074
01084
01094
01104
01114
01124
01134
01140
01141
01142
01143
01144
01145
01146
01147
01148
01149
01154
01164
01174
01184
01194
01204
01214
01224
01234
01240
01241
01242
01243
01244
01245
01246
01247
01248
01249
01254
01264
01274
01284
01294
01304
01314
01324
01334
01340
01341
01342
01343
01344
01345
01346
01347
01348
01349
01354
01364
01374
01384
01394
01400
01401
01402
01403
01404
01405
01406
01407
01408
01409
01410
01411
01412
01413
01414
01415
01416
01417
01418
01419
01420
01421
01422
01423
01424
01425
01426
01427
01428
01429
01430
01431
01432
01433
01434
01435
01436
01437
01438
01439
01440
01441
01442
01443
01444
01445
01446
01447
01448
01449
01450
01451
01452
01453
01454
01455
01456
01457
01458
01459
01460
01461
01462
01463
01464
01465
01466
01467
01468
01469
01470
01471
01472
01473
01474
01475
01476
01477
01478
01479
01480
01481
01482
01483
01484
01485
01486
01487
01488
01489
01490
01491
01492
01493
01494
01495
01496
01497
01498
01499
01504
01514
01524
01534
01540
01541
01542
01543
01544
01545
01546
01547
01548
01549
01554
01564
01574
01584
01594
01604
01614
01624
01634
01640
01641
01642
01643
01644
01645
01646
01647
01648
01649
01654
01664
01674
01684
01694
01704
01714
01724
01734
01740
01741
01742
01743
01744
01745
01746
01747
01748
01749
01754
01764
01774
01784
01794
01804
01814
01824
01834
01840
01841
01842
01843
01844
01845
01846
01847
01848
01849
01854
01864
01874
01884
01894
01904
01914
01924
01934
01940
01941
01942
01943
01944
01945
01946
01947
01948
01949
01954
01964
01974
01984
01994
02004
02014
02024
02034
02040
02041
02042
02043
02044
02045
02046
02047
02048
02049
02054
02064
02074
02084
02094
02104
02114
02124
02134
02140
02141
02142
02143
02144
02145
02146
02147
02148
02149
02154
02164
02174
02184
02194
02204
02214
02224
02234
02240
02241
02242
02243
02244
02245
02246
02247
02248
02249
02254
02264
02274
02284
02294
02304
02314
02324
02334
02340
02341
02342
02343
02344
02345
02346
02347
02348
02349
02354
02364
02374
02384
02394
02400
02401
02402
02403
02404
02405
02406
02407
02408
02409
02410
02411
02412
02413
02414
02415
02416
02417
02418
02419
02420
02421
02422
02423
02424
02425
02426
02427
02428
02429
02430
02431
02432
02433
02434
02435
02436
02437
02438
02439
02440
02441
02442
02443
02444
02445
02446
02447
02448
02449
02450
02451
02452
02453
02454
02455
02456
02457
02458
02459
02460
02461
02462
02463
02464
02465
02466
02467
02468
02469
02470
02471
02472
02473
02474
02475
02476
02477
02478
02479
02480
02481
02482
02483
02484
02485
02486
02487
02488
02489
02490
02491
02492
02493
02494
02495
02496
02497
02498
02499
02504
02514
02524
02534
02540
02541
02542
02543
02544
02545
02546
02547
02548
02549
02554
02564
02574
02584
02594
02604
02614
02624
02634
02640
02641
02642
02643
02644
02645
02646
02647
02648
02649
02654
02664
02674
02684
02694
02704
02714
02724
02734
02740
02741
02742
02743
02744
02745
02746
02747
02748
02749
02754
02764
02774
02784
02794
02804
02814
02824
02834
02840
02841
02842
02843
02844
02845
02846
02847
02848
02849
02854
02864
02874
02884
02894
02904
02914
02924
02934
02940
02941
02942
02943
02944
02945
02946
02947
02948
02949
02954
02964
02974
02984
02994
03004
03014
03024
03034
03040
03041
03042
03043
03044
03045
03046
03047
03048
03049
03054
03064
03074
03084
03094
03104
03114
03124
03134
03140
03141
03142
03143
03144
03145
03146
03147
03148
03149
03154
03164
03174
03184
03194
03204
03214
03224
03234
03240
03241
03242
03243
03244
03245
03246
03247
03248
03249
03254
03264
03274
03284
03294
03304
03314
03324
03334
03340
03341
03342
03343
03344
03345
03346
03347
03348
03349
03354
03364
03374
03384
03394
03400
03401
03402
03403
03404
03405
03406
03407
03408
03409
03410
03411
03412
03413
03414
03415
03416
03417
03418
03419
03420
03421
03422
03423
03424
03425
03426
03427
03428
03429
03430
03431
03432
03433
03434
03435
03436
03437
03438
03439
03440
03441
03442
03443
03444
03445
03446
03447
03448
03449
03450
03451
03452
03453
03454
03455
03456
03457
03458
03459
03460
03461
03462
03463
03464
03465
03466
03467
03468
03469
03470
03471
03472
03473
03474
03475
03476
03477
03478
03479
03480
03481
03482
03483
03484
03485
03486
03487
03488
03489
03490
03491
03492
03493
03494
03495
03496
03497
03498
03499
03504
03514
03524
03534
03540
03541
03542
03543
03544
03545
03546
03547
03548
03549
03554
03564
03574
03584
03594
03604
03614
03624
03634
03640
03641
03642
03643
03644
03645
03646
03647
03648
03649
03654
03664
03674
03684
03694
03704
03714
03724
03734
03740
03741
03742
03743
03744
03745
03746
03747
03748
03749
03754
03764
03774
03784
03794
03804
03814
03824
03834
03840
03841
03842
03843
03844
03845
03846
03847
03848
03849
03854
03864
03874
03884
03894
03904
03914
03924
03934
03940
03941
03942
03943
03944
03945
03946
03947
03948
03949
03954
03964
03974
03984
03994
04000
04001
04002
04003
04004
04005
04006
04007
04008
04009
04010
04011
04012
04013
04014
04015
04016
04017
04018
04019
04020
04021
04022
04023
04024
04025
04026
04027
04028
04029
04030
04031
04032
04033
04034
04035
04036
04037
04038
04039
04040
04041
04042
04043
04044
04045
04046
04047
04048
04049
04050
04051
04052
04053
04054
04055
04056
04057
04058
04059
04060
04061
04062
04063
04064
04065
04066
04067
04068
04069
04070
04071
04072
04073
04074
04075
04076
04077
04078
04079
04080
04081
04082
04083
04084
04085
04086
04087
04088
04089
04090
04091
04092
04093
04094
04095
04096
04097
04098
04099
04100
04101
04102
04103
04104
04105
04106
04107
04108
04109
04110
04111
04112
04113
04114
04115
04116
04117
04118
04119
04120
04121
04122
04123
04124
04125
04126
04127
04128
04129
04130
04131
04132
04133
04134
04135
04136
04137
04138
04139
04140
04141
04142
04143
04144
04145
04146
04147
04148
04149
04150
04151
04152
04153
04154
04155
04156
04157
04158
04159
04160
04161
04162
04163
04164
04165
04166
04167
04168
04169
04170
04171
04172
04173
04174
04175
04176
04177
04178
04179
04180
04181
04182
04183
04184
04185
04186
04187
04188
04189
04190
04191
04192
04193
04194
04195
04196
04197
04198
04199
04200
04201
04202
04203
04204
04205
04206
04207
04208
04209
04210
04211
04212
04213
04214
04215
04216
04217
04218
04219
04220
04221
04222
04223
04224
04225
04226
04227
04228
04229
04230
04231
04232
04233
04234
04235
04236
04237
04238
04239
04240
04241
04242
04243
04244
04245
04246
04247
04248
04249
04250
04251
04252
04253
04254
04255
04256
04257
04258
04259
04260
04261
04262
04263
04264
04265
04266
04267
04268
04269
04270
04271
04272
04273
04274
04275
04276
04277
04278
04279
04280
04281
04282
04283
04284
04285
04286
04287
04288
04289
04290
04291
04292
04293
04294
04295
04296
04297
04298
04299
04300
04301
04302
04303
04304
04305
04306
04307
04308
04309
04310
04311
04312
04313
04314
04315
04316
04317
04318
04319
04320
04321
04322
04323
04324
04325
04326
04327
04328
04329
04330
04331
04332
04333
04334
04335
04336
04337
04338
04339
04340
04341
04342
04343
04344
04345
04346
04347
04348
04349
04350
04351
04352
04353
04354
04355
04356
04357
04358
04359
04360
04361
04362
04363
04364
04365
04366
04367
04368
04369
04370
04371
04372
04373
04374
04375
04376
04377
04378
04379
04380
04381
04382
04383
04384
04385
04386
04387
04388
04389
04390
04391
04392
04393
04394
04395
04396
04397
04398
04399
04400
04401
04402
04403
04404
04405
04406
04407
04408
04409
04410
04411
04412
04413
04414
04415
04416
04417
04418
04419
04420
04421
04422
04423
04424
04425
04426
04427
04428
04429
04430
04431
04432
04433
04434
04435
04436
04437
04438
04439
04440
04441
04442
04443
04444
04445
04446
04447
04448
04449
04450
04451
04452
04453
04454
04455
04456
04457
04458
04459
04460
04461
04462
04463
04464
04465
04466
04467
04468
04469
04470
04471
04472
04473
04474
04475
04476
04477
04478
04479
04480
04481
04482
04483
04484
04485
04486
04487
04488
04489
04490
04491
04492
04493
04494
04495
04496
04497
04498
04499
04500
04501
04502
04503
04504
04505
04506
04507
04508
04509
04510
04511
04512
04513
04514
04515
04516
04517
04518
04519
04520
04521
04522
04523
04524
04525
04526
04527
04528
04529
04530
04531
04532
04533
04534
04535
04536
04537
04538
04539
04540
04541
04542
04543
04544
04545
04546
04547
04548
04549
04550
04551
04552
04553
04554
04555
04556
04557
04558
04559
04560
04561
04562
04563
04564
04565
04566
04567
04568
04569
04570
04571
04572
04573
04574
04575
04576
04577
04578
04579
04580
04581
04582
04583
04584
04585
04586
04587
04588
04589
04590
04591
04592
04593
04594
04595
04596
04597
04598
04599
04600
04601
04602
04603
04604
04605
04606
04607
04608
04609
04610
04611
04612
04613
04614
04615
04616
04617
04618
04619
04620
04621
04622
04623
04624
04625
04626
04627
04628
04629
04630
04631
04632
04633
04634
04635
04636
04637
04638
04639
04640
04641
04642
04643
04644
04645
04646
04647
04648
04649
04650
04651
04652
04653
04654
04655
04656
04657
04658
04659
04660
04661
04662
04663
04664
04665
04666
04667
04668
04669
04670
04671
04672
04673
04674
04675
04676
04677
04678
04679
04680
04681
04682
04683
04684
04685
04686
04687
04688
04689
04690
04691
04692
04693
04694
04695
04696
04697
04698
04699
04700
04701
04702
04703
04704
04705
04706
04707
04708
04709
04710
04711
04712
04713
04714
04715
04716
04717
04718
04719
04720
04721
04722
04723
04724
04725
04726
04727
04728
04729
04730
04731
04732
04733
04734
04735
04736
04737
04738
04739
04740
04741
04742
04743
04744
04745
04746
04747
04748
04749
04750
04751
04752
04753
04754
04755
04756
04757
04758
04759
04760
04761
04762
04763
04764
04765
04766
04767
04768
04769
04770
04771
04772
04773
04774
04775
04776
04777
04778
04779
04780
04781
04782
04783
04784
04785
04786
04787
04788
04789
04790
04791
04792
04793
04794
04795
04796
04797
04798
04799
04800
04801
04802
04803
04804
04805
04806
04807
04808
04809
04810
04811
04812
04813
04814
04815
04816
04817
04818
04819
04820
04821
04822
04823
04824
04825
04826
04827
04828
04829
04830
04831
04832
04833
04834
04835
04836
04837
04838
04839
04840
04841
04842
04843
04844
04845
04846
04847
04848
04849
04850
04851
04852
04853
04854
04855
04856
04857
04858
04859
04860
04861
04862
04863
04864
04865
04866
04867
04868
04869
04870
04871
04872
04873
04874
04875
04876
04877
04878
04879
04880
04881
04882
04883
04884
04885
04886
04887
04888
04889
04890
04891
04892
04893
04894
04895
04896
04897
04898
04899
04900
04901
04902
04903
04904
04905
04906
04907
04908
04909
04910
04911
04912
04913
04914
04915
04916
04917
04918
04919
04920
04921
04922
04923
04924
04925
04926
04927
04928
04929
04930
04931
04932
04933
04934
04935
04936
04937
04938
04939
04940
04941
04942
04943
04944
04945
04946
04947
04948
04949
04950
04951
04952
04953
04954
04955
04956
04957
04958
04959
04960
04961
04962
04963
04964
04965
04966
04967
04968
04969
04970
04971
04972
04973
04974
04975
04976
04977
04978
04979
04980
04981
04982
04983
04984
04985
04986
04987
04988
04989
04990
04991
04992
04993
04994
04995
04996
04997
04998
04999
05004
05014
05024
05034
05040
05041
05042
05043
05044
05045
05046
05047
05048
05049
05054
05064
05074
05084
05094
05104
05114
05124
05134
05140
05141
05142
05143
05144
05145
05146
05147
05148
05149
05154
05164
05174
05184
05194
05204
05214
05224
05234
05240
05241
05242
05243
05244
05245
05246
05247
05248
05249
05254
05264
05274
05284
05294
05304
05314
05324
05334
05340
05341
05342
05343
05344
05345
05346
05347
05348
05349
05354
05364
05374
05384
05394
05400
05401
05402
05403
05404
05405
05406
05407
05408
05409
05410
05411
05412
05413
05414
05415
05416
05417
05418
05419
05420
05421
05422
05423
05424
05425
05426
05427
05428
05429
05430
05431
05432
05433
05434
05435
05436
05437
05438
05439
05440
05441
05442
05443
05444
05445
05446
05447
05448
05449
05450
05451
05452
05453
05454
05455
05456
05457
05458
05459
05460
05461
05462
05463
05464
05465
05466
05467
05468
05469
05470
05471
05472
05473
05474
05475
05476
05477
05478
05479
05480
05481
05482
05483
05484
05485
05486
05487
05488
05489
05490
05491
05492
05493
05494
05495
05496
05497
05498
05499
05504
05514
05524
05534
05540
05541
05542
05543
05544
05545
05546
05547
05548
05549
05554
05564
05574
05584
05594
05604
05614
05624
05634
05640
05641
05642
05643
05644
05645
05646
05647
05648
05649
05654
05664
05674
05684
05694
05704
05714
05724
05734
05740
05741
05742
05743
05744
05745
05746
05747
05748
05749
05754
05764
05774
05784
05794
05804
05814
05824
05834
05840
05841
05842
05843
05844
05845
05846
05847
05848
05849
05854
05864
05874
05884
05894
05904
05914
05924
05934
05940
05941
05942
05943
05944
05945
05946
05947
05948
05949
05954
05964
05974
05984
05994
06004
06014
06024
06034
06040
06041
06042
06043
06044
06045
06046
06047
06048
06049
06054
06064
06074
06084
06094
06104
06114
06124
06134
06140
06141
06142
06143
06144
06145
06146
06147
06148
06149
06154
06164
06174
06184
06194
06204
06214
06224
06234
06240
06241
06242
06243
06244
06245
06246
06247
06248
06249
06254
06264
06274
06284
06294
06304
06314
06324
06334
06340
06341
06342
06343
06344
06345
06346
06347
06348
06349
06354
06364
06374
06384
06394
06400
06401
06402
06403
06404
06405
06406
06407
06408
06409
06410
06411
06412
06413
06414
06415
06416
06417
06418
06419
06420
06421
06422
06423
06424
06425
06426
06427
06428
06429
06430
06431
06432
06433
06434
06435
06436
06437
06438
06439
06440
06441
06442
06443
06444
06445
06446
06447
06448
06449
06450
06451
06452
06453
06454
06455
06456
06457
06458
06459
06460
06461
06462
06463
06464
06465
06466
06467
06468
06469
06470
06471
06472
06473
06474
06475
06476
06477
06478
06479
06480
06481
06482
06483
06484
06485
06486
06487
06488
06489
06490
06491
06492
06493
06494
06495
06496
06497
06498
06499
06504
06514
06524
06534
06540
06541
06542
06543
06544
06545
06546
06547
06548
06549
06554
06564
06574
06584
06594
06604
06614
06624
06634
06640
06641
06642
06643
06644
06645
06646
06647
06648
06649
06654
06664
06674
06684
06694
06704
06714
06724
06734
06740
06741
06742
06743
06744
06745
06746
06747
06748
06749
06754
06764
06774
06784
06794
06804
06814
06824
06834
06840
06841
06842
06843
06844
06845
06846
06847
06848
06849
06854
06864
06874
06884
06894
06904
06914
06924
06934
06940
06941
06942
06943
06944
06945
06946
06947
06948
06949
06954
06964
06974
06984
06994
07004
07014
07024
07034
07040
07041
07042
07043
07044
07045
07046
07047
07048
07049
07054
07064
07074
07084
07094
07104
07114
07124
07134
07140
07141
07142
07143
07144
07145
07146
07147
07148
07149
07154
07164
07174
07184
07194
07204
07214
07224
07234
07240
07241
07242
07243
07244
07245
07246
07247
07248
07249
07254
07264
07274
07284
07294
07304
07314
07324
07334
07340
07341
07342
07343
07344
07345
07346
07347
07348
07349
07354
07364
07374
07384
07394
07400
07401
07402
07403
07404
07405
07406
07407
07408
07409
07410
07411
07412
07413
07414
07415
07416
07417
07418
07419
07420
07421
07422
07423
07424
07425
07426
07427
07428
07429
07430
07431
07432
07433
07434
07435
07436
07437
07438
07439
07440
07441
07442
07443
07444
07445
07446
07447
07448
07449
07450
07451
07452
07453
07454
07455
07456
07457
07458
07459
07460
07461
07462
07463
07464
07465
07466
07467
07468
07469
07470
07471
07472
07473
07474
07475
07476
07477
07478
07479
07480
07481
07482
07483
07484
07485
07486
07487
07488
07489
07490
07491
07492
07493
07494
07495
07496
07497
07498
07499
07504
07514
07524
07534
07540
07541
07542
07543
07544
07545
07546
07547
07548
07549
07554
07564
07574
07584
07594
07604
07614
07624
07634
07640
07641
07642
07643
07644
07645
07646
07647
07648
07649
07654
07664
07674
07684
07694
07704
07714
07724
07734
07740
07741
07742
07743
07744
07745
07746
07747
07748
07749
07754
07764
07774
07784
07794
07804
07814
07824
07834
07840
07841
07842
07843
07844
07845
07846
07847
07848
07849
07854
07864
07874
07884
07894
07904
07914
07924
07934
07940
07941
07942
07943
07944
07945
07946
07947
07948
07949
07954
07964
07974
07984
07994
08004
08014
08024
08034
08040
08041
08042
08043
08044
08045
08046
08047
08048
08049
08054
08064
08074
08084
08094
08104
08114
08124
08134
08140
08141
08142
08143
08144
08145
08146
08147
08148
08149
08154
08164
08174
08184
08194
08204
08214
08224
08234
08240
08241
08242
08243
08244
08245
08246
08247
08248
08249
08254
08264
08274
08284
08294
08304
08314
08324
08334
08340
08341
08342
08343
08344
08345
08346
08347
08348
08349
08354
08364
08374
08384
08394
08400
08401
08402
08403
08404
08405
08406
08407
08408
08409
08410
08411
08412
08413
08414
08415
08416
08417
08418
08419
08420
08421
08422
08423
08424
08425
08426
08427
08428
08429
08430
08431
08432
08433
08434
08435
08436
08437
08438
08439
08440
08441
08442
08443
08444
08445
08446
08447
08448
08449
08450
08451
08452
08453
08454
08455
08456
08457
08458
08459
08460
08461
08462
08463
08464
08465
08466
08467
08468
08469
08470
08471
08472
08473
08474
08475
08476
08477
08478
08479
08480
08481
08482
08483
08484
08485
08486
08487
08488
08489
08490
08491
08492
08493
08494
08495
08496
08497
08498
08499
08504
08514
08524
08534
08540
08541
08542
08543
08544
08545
08546
08547
08548
08549
08554
08564
08574
08584
08594
08604
08614
08624
08634
08640
08641
08642
08643
08644
08645
08646
08647
08648
08649
08654
08664
08674
08684
08694
08704
08714
08724
08734
08740
08741
08742
08743
08744
08745
08746
08747
08748
08749
08754
08764
08774
08784
08794
08804
08814
08824
08834
08840
08841
08842
08843
08844
08845
08846
08847
08848
08849
08854
08864
08874
08884
08894
08904
08914
08924
08934
08940
08941
08942
08943
08944
08945
08946
08947
08948
08949
08954
08964
08974
08984
08994
09004
09014
09024
09034
09040
09041
09042
09043
09044
09045
09046
09047
09048
09049
09054
09064
09074
09084
09094
09104
09114
09124
09134
09140
09141
09142
09143
09144
09145
09146
09147
09148
09149
09154
09164
09174
09184
09194
09204
09214
09224
09234
09240
09241
09242
09243
09244
09245
09246
09247
09248
09249
09254
09264
09274
09284
09294
09304
09314
09324
09334
09340
09341
09342
09343
09344
09345
09346
09347
09348
09349
09354
09364
09374
09384
09394
09400
09401
09402
09403
09404
09405
09406
09407
09408
09409
09410
09411
09412
09413
09414
09415
09416
09417
09418
09419
09420
09421
09422
09423
09424
09425
09426
09427
09428
09429
09430
09431
09432
09433
09434
09435
09436
09437
09438
09439
09440
09441
09442
09443
09444
09445
09446
09447
09448
09449
09450
09451
09452
09453
09454
09455
09456
09457
09458
09459
09460
09461
09462
09463
09464
09465
09466
09467
09468
09469
09470
09471
09472
09473
09474
09475
09476
09477
09478
09479
09480
09481
09482
09483
09484
09485
09486
09487
09488
09489
09490
09491
09492
09493
09494
09495
09496
09497
09498
09499
09504
09514
09524
09534
09540
09541
09542
09543
09544
09545
09546
09547
09548
09549
09554
09564
09574
09584
09594
09604
09614
09624
09634
09640
09641
09642
09643
09644
09645
09646
09647
09648
09649
09654
09664
09674
09684
09694
09704
09714
09724
09734
09740
09741
09742
09743
09744
09745
09746
09747
09748
09749
09754
09764
09774
09784
09794
09804
09814
09824
09834
09840
09841
09842
09843
09844
09845
09846
09847
09848
09849
09854
09864
09874
09884
09894
09904
09914
09924
09934
09940
09941
09942
09943
09944
09945
09946
09947
09948
09949
09954
09964
09974
09984
09994
