00000
01111
02222
03333
04444
05555
06666
07777
08888
09999
10000
11111
12222
13333
14444
15555
16666
17777
18888
19999
20000
21111
22222
23333
24444
25555
26666
27777
28888
29999
30000
31111
32222
33333
34444
35555
36666
37777
38888
39999
40000
41111
42222
43333
44444
45555
46666
47777
48888
49999
50000
51111
52222
53333
54444
55555
56666
57777
58888
59999
60000
61111
62222
63333
64444
65555
66666
67777
68888
69999
70000
71111
72222
73333
74444
75555
76666
77777
78888
79999
80000
81111
82222
83333
84444
85555
86666
87777
88888
89999
90000
91111
92222
93333
94444
95555
96666
97777
98888
99999
