00000
00001
00002
00003
00000
00005
00006
00007
00008
00009
11110
11111
11112
11113
11114
11115
11116
11117
11118
11119
22220
22221
22222
22223
22224
22225
22226
22227
22228
22229
33330
33331
33332
33333
33334
33335
33336
33337
33338
33339
44440
44441
44442
44443
44444
44445
44446
44447
44448
44449
55550
55551
55552
55553
55554
55555
55556
55557
55558
55559
66660
66661
66662
66663
66664
66665
66666
66667
66668
66669
77770
77771
77772
77773
77774
77775
77776
77777
77778
77779
88880
88881
88882
88883
88884
88885
88886
88887
88888
88889
99990
99991
99992
99993
99994
99995
99996
99997
99998
99999
