00000
00111
00222
00333
00444
00555
00666
00777
00888
00999
11000
11111
11222
11333
11444
11555
11666
11777
11888
11999
22000
22111
22222
22333
22444
22555
22666
22777
22888
22999
33000
33111
33222
33333
33444
33555
33666
33777
33888
33999
44000
44111
44222
44333
44444
44555
44666
44777
44888
44999
55000
55111
55222
55333
55444
55555
55666
55777
55888
55999
66000
66111
66222
66333
66444
66555
66666
66777
66888
66999
77000
77111
77222
77333
77444
77555
77666
77777
77888
77999
88000
88111
88222
88333
88444
88555
88666
88777
88888
88999
99000
99111
99222
99333
99444
99555
99666
99777
99888
99999

