00000
00011
00022
00033
00044
00055
00066
00077
00088
00099
11100
11111
11122
11133
11144
11155
11166
11177
11188
11199
22200
22211
22222
22233
22244
22255
22266
22277
22288
22299
33300
33311
33322
33333
33344
33355
33366
33377
33388
33399
44400
44411
44422
44433
44444
44455
44466
44477
44488
44499
55500
55511
55522
55533
55544
55555
55566
55577
55588
55599
66600
66611
66622
66633
66644
66655
66666
66677
66688
66699
77700
77711
77722
77733
77744
77755
77766
77777
77788
77799
88800
88811
88822
88833
88844
88855
88866
88877
88888
88899
99900
99911
99922
99933
99944
99955
99966
99977
99988
99999
00000