00000
00101
00202
00303
00404
00505
00606
00707
00808
00909
01010
01111
01212
01313
01414
01515
01616
01717
01818
01919
02020
02121
02222
02323
02424
02525
02626
02727
02828
02929
03030
03131
03232
03333
03434
03535
03636
03737
03838
03939
04040
04141
04242
04343
04444
04545
04646
04747
04848
04949
05050
05151
05252
05353
05454
05555
05656
05757
05858
05959
06060
06161
06262
06363
06464
06565
06666
06767
06868
06969
07070
07171
07272
07373
07474
07575
07676
07777
07878
07979
08080
08181
08282
08383
08484
08585
08686
08787
08888
08989
09090
09191
09292
09393
09494
09595
09696
09797
09898
09999
10000
10101
10202
10303
10404
10505
10606
10707
10808
10909
11010
11111
11212
11313
11414
11515
11616
11717
11818
11919
12020
12121
12222
12323
12424
12525
12626
12727
12828
12929
13030
13131
13232
13333
13434
13535
13636
13737
13838
13939
14040
14141
14242
14343
14444
14545
14646
14747
14848
14949
15050
15151
15252
15353
15454
15555
15656
15757
15858
15959
16060
16161
16262
16363
16464
16565
16666
16767
16868
16969
17070
17171
17272
17373
17474
17575
17676
17777
17878
17979
18080
18181
18282
18383
18484
18585
18686
18787
18888
18989
19090
19191
19292
19393
19494
19595
19696
19797
19898
19999
20000
20101
20202
20303
20404
20505
20606
20707
20808
20909
21010
21111
21212
21313
21414
21515
21616
21717
21818
21919
22020
22121
22222
22323
22424
22525
22626
22727
22828
22929
23030
23131
23232
23333
23434
23535
23636
23737
23838
23939
24040
24141
24242
24343
24444
24545
24646
24747
24848
24949
25050
25151
25252
25353
25454
25555
25656
25757
25858
25959
26060
26161
26262
26363
26464
26565
26666
26767
26868
26969
27070
27171
27272
27373
27474
27575
27676
27777
27878
27979
28080
28181
28282
28383
28484
28585
28686
28787
28888
28989
29090
29191
29292
29393
29494
29595
29696
29797
29898
29999
30000
30101
30202
30303
30404
30505
30606
30707
30808
30909
31010
31111
31212
31313
31414
31515
31616
31717
31818
31919
32020
32121
32222
32323
32424
32525
32626
32727
32828
32929
33030
33131
33232
33333
33434
33535
33636
33737
33838
33939
34040
34141
34242
34343
34444
34545
34646
34747
34848
34949
35050
35151
35252
35353
35454
35555
35656
35757
35858
35959
36060
36161
36262
36363
36464
36565
36666
36767
36868
36969
37070
37171
37272
37373
37474
37575
37676
37777
37878
37979
38080
38181
38282
38383
38484
38585
38686
38787
38888
38989
39090
39191
39292
39393
39494
39595
39696
39797
39898
39999
40000
40101
40202
40303
40404
40505
40606
40707
40808
40909
41010
41111
41212
41313
41414
41515
41616
41717
41818
41919
42020
42121
42222
42323
42424
42525
42626
42727
42828
42929
43030
43131
43232
43333
43434
43535
43636
43737
43838
43939
44040
44141
44242
44343
44444
44545
44646
44747
44848
44949
45050
45151
45252
45353
45454
45555
45656
45757
45858
45959
46060
46161
46262
46363
46464
46565
46666
46767
46868
46969
47070
47171
47272
47373
47474
47575
47676
47777
47878
47979
48080
48181
48282
48383
48484
48585
48686
48787
48888
48989
49090
49191
49292
49393
49494
49595
49696
49797
49898
49999
50000
50101
50202
50303
50404
50505
50606
50707
50808
50909
51010
51111
51212
51313
51414
51515
51616
51717
51818
51919
52020
52121
52222
52323
52424
52525
52626
52727
52828
52929
53030
53131
53232
53333
53434
53535
53636
53737
53838
53939
54040
54141
54242
54343
54444
54545
54646
54747
54848
54949
55050
55151
55252
55353
55454
55555
55656
55757
55858
55959
56060
56161
56262
56363
56464
56565
56666
56767
56868
56969
57070
57171
57272
57373
57474
57575
57676
57777
57878
57979
58080
58181
58282
58383
58484
58585
58686
58787
58888
58989
59090
59191
59292
59393
59494
59595
59696
59797
59898
59999
60000
60101
60202
60303
60404
60505
60606
60707
60808
60909
61010
61111
61212
61313
61414
61515
61616
61717
61818
61919
62020
62121
62222
62323
62424
62525
62626
62727
62828
62929
63030
63131
63232
63333
63434
63535
63636
63737
63838
63939
64040
64141
64242
64343
64444
64545
64646
64747
64848
64949
65050
65151
65252
65353
65454
65555
65656
65757
65858
65959
66060
66161
66262
66363
66464
66565
66666
66767
66868
66969
67070
67171
67272
67373
67474
67575
67676
67777
67878
67979
68080
68181
68282
68383
68484
68585
68686
68787
68888
68989
69090
69191
69292
69393
69494
69595
69696
69797
69898
69999
70000
70101
70202
70303
70404
70505
70606
70707
70808
70909
71010
71111
71212
71313
71414
71515
71616
71717
71818
71919
72020
72121
72222
72323
72424
72525
72626
72727
72828
72929
73030
73131
73232
73333
73434
73535
73636
73737
73838
73939
74040
74141
74242
74343
74444
74545
74646
74747
74848
74949
75050
75151
75252
75353
75454
75555
75656
75757
75858
75959
76060
76161
76262
76363
76464
76565
76666
76767
76868
76969
77070
77171
77272
77373
77474
77575
77676
77777
77878
77979
78080
78181
78282
78383
78484
78585
78686
78787
78888
78989
79090
79191
79292
79393
79494
79595
79696
79797
79898
79999
80000
80101
80202
80303
80404
80505
80606
80707
80808
80909
81010
81111
81212
81313
81414
81515
81616
81717
81818
81919
82020
82121
82222
82323
82424
82525
82626
82727
82828
82929
83030
83131
83232
83333
83434
83535
83636
83737
83838
83939
84040
84141
84242
84343
84444
84545
84646
84747
84848
84949
85050
85151
85252
85353
85454
85555
85656
85757
85858
85959
86060
86161
86262
86363
86464
86565
86666
86767
86868
86969
87070
87171
87272
87373
87474
87575
87676
87777
87878
87979
88080
88181
88282
88383
88484
88585
88686
88787
88888
88989
89090
89191
89292
89393
89494
89595
89696
89797
89898
89999
90000
90101
90202
90303
90404
90505
90606
90707
90808
90909
91010
91111
91212
91313
91414
91515
91616
91717
91818
91919
92020
92121
92222
92323
92424
92525
92626
92727
92828
92929
93030
93131
93232
93333
93434
93535
93636
93737
93838
93939
94040
94141
94242
94343
94444
94545
94646
94747
94848
94949
95050
95151
95252
95353
95454
95555
95656
95757
95858
95959
96060
96161
96262
96363
96464
96565
96666
96767
96868
96969
97070
97171
97272
97373
97474
97575
97676
97777
97878
97979
98080
98181
98282
98383
98484
98585
98686
98787
98888
98989
99090
99191
99292
99393
99494
99595
99696
99797
99898
99999
00000
00001
00002
00003
00004
00005
00006
00007
00008
00009
01010
01011
01012
01013
01014
01015
01016
01017
01018
01019
02020
02021
02022
02023
02024
02025
02026
02027
02028
02029
03030
03031
03032
03033
03034
03035
03036
03037
03038
03039
04040
04041
04042
04043
04044
04045
04046
04047
04048
04049
05050
05051
05052
05053
05054
05055
05056
05057
05058
05059
06060
06061
06062
06063
06064
06065
06066
06067
06068
06069
07070
07071
07072
07073
07074
07075
07076
07077
07078
07079
08080
08081
08082
08083
08084
08085
08086
08087
08088
08089
09090
09091
09092
09093
09094
09095
09096
09097
09098
09099
10100
10101
10102
10103
10104
10105
10106
10107
10108
10109
11110
11111
11112
11113
11114
11115
11116
11117
11118
11119
12120
12121
12122
12123
12124
12125
12126
12127
12128
12129
13130
13131
13132
13133
13134
13135
13136
13137
13138
13139
14140
14141
14142
14143
14144
14145
14146
14147
14148
14149
15150
15151
15152
15153
15154
15155
15156
15157
15158
15159
16160
16161
16162
16163
16164
16165
16166
16167
16168
16169
17170
17171
17172
17173
17174
17175
17176
17177
17178
17179
18180
18181
18182
18183
18184
18185
18186
18187
18188
18189
19190
19191
19192
19193
19194
19195
19196
19197
19198
19199
20200
20201
20202
20203
20204
20205
20206
20207
20208
20209
21210
21211
21212
21213
21214
21215
21216
21217
21218
21219
22220
22221
22222
22223
22224
22225
22226
22227
22228
22229
23230
23231
23232
23233
23234
23235
23236
23237
23238
23239
24240
24241
24242
24243
24244
24245
24246
24247
24248
24249
25250
25251
25252
25253
25254
25255
25256
25257
25258
25259
26260
26261
26262
26263
26264
26265
26266
26267
26268
26269
27270
27271
27272
27273
27274
27275
27276
27277
27278
27279
28280
28281
28282
28283
28284
28285
28286
28287
28288
28289
29290
29291
29292
29293
29294
29295
29296
29297
29298
29299
30300
30301
30302
30303
30304
30305
30306
30307
30308
30309
31310
31311
31312
31313
31314
31315
31316
31317
31318
31319
32320
32321
32322
32323
32324
32325
32326
32327
32328
32329
33330
33331
33332
33333
33334
33335
33336
33337
33338
33339
34340
34341
34342
34343
34344
34345
34346
34347
34348
34349
35350
35351
35352
35353
35354
35355
35356
35357
35358
35359
36360
36361
36362
36363
36364
36365
36366
36367
36368
36369
37370
37371
37372
37373
37374
37375
37376
37377
37378
37379
38380
38381
38382
38383
38384
38385
38386
38387
38388
38389
39390
39391
39392
39393
39394
39395
39396
39397
39398
39399
40400
40401
40402
40403
40404
40405
40406
40407
40408
40409
41410
41411
41412
41413
41414
41415
41416
41417
41418
41419
42420
42421
42422
42423
42424
42425
42426
42427
42428
42429
43430
43431
43432
43433
43434
43435
43436
43437
43438
43439
44440
44441
44442
44443
44444
44445
44446
44447
44448
44449
45450
45451
45452
45453
45454
45455
45456
45457
45458
45459
46460
46461
46462
46463
46464
46465
46466
46467
46468
46469
47470
47471
47472
47473
47474
47475
47476
47477
47478
47479
48480
48481
48482
48483
48484
48485
48486
48487
48488
48489
49490
49491
49492
49493
49494
49495
49496
49497
49498
49499
50500
50501
50502
50503
50504
50505
50506
50507
50508
50509
51510
51511
51512
51513
51514
51515
51516
51517
51518
51519
52520
52521
52522
52523
52524
52525
52526
52527
52528
52529
53530
53531
53532
53533
53534
53535
53536
53537
53538
53539
54540
54541
54542
54543
54544
54545
54546
54547
54548
54549
55550
55551
55552
55553
55554
55555
55556
55557
55558
55559
56560
56561
56562
56563
56564
56565
56566
56567
56568
56569
57570
57571
57572
57573
57574
57575
57576
57577
57578
57579
58580
58581
58582
58583
58584
58585
58586
58587
58588
58589
59590
59591
59592
59593
59594
59595
59596
59597
59598
59599
60600
60601
60602
60603
60604
60605
60606
60607
60608
60609
61610
61611
61612
61613
61614
61615
61616
61617
61618
61619
62620
62621
62622
62623
62624
62625
62626
62627
62628
62629
63630
63631
63632
63633
63634
63635
63636
63637
63638
63639
64640
64641
64642
64643
64644
64645
64646
64647
64648
64649
65650
65651
65652
65653
65654
65655
65656
65657
65658
65659
66660
66661
66662
66663
66664
66665
66666
66667
66668
66669
67670
67671
67672
67673
67674
67675
67676
67677
67678
67679
68680
68681
68682
68683
68684
68685
68686
68687
68688
68689
69690
69691
69692
69693
69694
69695
69696
69697
69698
69699
70700
70701
70702
70703
70704
70705
70706
70707
70708
70709
71710
71711
71712
71713
71714
71715
71716
71717
71718
71719
72720
72721
72722
72723
72724
72725
72726
72727
72728
72729
73730
73731
73732
73733
73734
73735
73736
73737
73738
73739
74740
74741
74742
74743
74744
74745
74746
74747
74748
74749
75750
75751
75752
75753
75754
75755
75756
75757
75758
75759
76760
76761
76762
76763
76764
76765
76766
76767
76768
76769
77770
77771
77772
77773
77774
77775
77776
77777
77778
77779
78780
78781
78782
78783
78784
78785
78786
78787
78788
78789
79790
79791
79792
79793
79794
79795
79796
79797
79798
79799
80800
80801
80802
80803
80804
80805
80806
80807
80808
80809
81810
81811
81812
81813
81814
81815
81816
81817
81818
81819
82820
82821
82822
82823
82824
82825
82826
82827
82828
82829
83830
83831
83832
83833
83834
83835
83836
83837
83838
83839
84840
84841
84842
84843
84844
84845
84846
84847
84848
84849
85850
85851
85852
85853
85854
85855
85856
85857
85858
85859
86860
86861
86862
86863
86864
86865
86866
86867
86868
86869
87870
87871
87872
87873
87874
87875
87876
87877
87878
87879
88880
88881
88882
88883
88884
88885
88886
88887
88888
88889
89890
89891
89892
89893
89894
89895
89896
89897
89898
89899
90900
90901
90902
90903
90904
90905
90906
90907
90908
90909
91910
91911
91912
91913
91914
91915
91916
91917
91918
91919
92920
92921
92922
92923
92924
92925
92926
92927
92928
92929
93930
93931
93932
93933
93934
93935
93936
93937
93938
93939
94940
94941
94942
94943
94944
94945
94946
94947
94948
94949
95950
95951
95952
95953
95954
95955
95956
95957
95958
95959
96960
96961
96962
96963
96964
96965
96966
96967
96968
96969
97970
97971
97972
97973
97974
97975
97976
97977
97978
97979
98980
98981
98982
98983
98984
98985
98986
98987
98988
98989
99990
99991
99992
99993
99994
99995
99996
99997
99998
99999
