01011
02022
03033
04044
05055
06066
07077
08088
09099
10100
11111
12122
13133
14144
15155
16166
17177
18188
19199
20200
21211
22222
23233
24244
25255
26266
27277
28288
29299
30300
31311
32322
33333
34344
35355
36366
37377
38388
39399
40400
41411
42422
43433
44444
45455
46466
47477
48488
49499
50500
51511
52522
53533
54544
55555
56566
57577
58588
59599
60600
61611
62622
63633
64644
65655
66666
67677
68688
69699
70700
71711
72722
73733
74744
75755
76766
77777
78788
79799
80800
81811
82822
83833
84844
85855
86866
87877
88888
89899
90900
91911
92922
93933
94944
95955
96966
97977
98988
99999
