00012
00123
00234
00345
00456
00567
00678
00789
00890
00987
00876
00765
00654
00543
00321
00210
01012
01123
01234
01345
01456
01567
01678
01789
01890
01987
01876
01765
01654
01543
01321
01210
02012
02123
02234
02345
02456
02567
02678
02789
02890
02987
02876
02765
02654
02543
02321
02210
03012
03123
03234
03345
03456
03567
03678
03789
03890
03987
03876
03765
03654
03543
03321
03210
04012
04123
04234
04345
04456
04567
04678
04789
04890
04987
04876
04765
04654
04543
04321
04210
05012
05123
05234
05345
05456
05567
05678
05789
05890
05987
05876
05765
05654
05543
05321
05210
06012
06123
06234
06345
06456
06567
06678
06789
06890
06987
06876
06765
06654
06543
06321
06210
07012
07123
07234
07345
07456
07567
07678
07789
07890
07987
07876
07765
07654
07543
07321
07210
08012
08123
08234
08345
08456
08567
08678
08789
08890
08987
08876
08765
08654
08543
08321
08210
09012
09123
09234
09345
09456
09567
09678
09789
09890
09987
09876
09765
09654
09543
09321
09210
10012
10123
10234
10345
10456
10567
10678
10789
10890
10987
10876
10765
10654
10543
10321
10210
11012
11123
11234
11345
11456
11567
11678
11789
11890
11987
11876
11765
11654
11543
11321
11210
12012
12123
12234
12345
12456
12567
12678
12789
12890
12987
12876
12765
12654
12543
12321
12210
13012
13123
13234
13345
13456
13567
13678
13789
13890
13987
13876
13765
13654
13543
13321
13210
14012
14123
14234
14345
14456
14567
14678
14789
14890
14987
14876
14765
14654
14543
14321
14210
15012
15123
15234
15345
15456
15567
15678
15789
15890
15987
15876
15765
15654
15543
15321
15210
16012
16123
16234
16345
16456
16567
16678
16789
16890
16987
16876
16765
16654
16543
16321
16210
17012
17123
17234
17345
17456
17567
17678
17789
17890
17987
17876
17765
17654
17543
17321
17210
18012
18123
18234
18345
18456
18567
18678
18789
18890
18987
18876
18765
18654
18543
18321
18210
19012
19123
19234
19345
19456
19567
19678
19789
19890
19987
19876
19765
19654
19543
19321
19210
20012
20123
20234
20345
20456
20567
20678
20789
20890
20987
20876
20765
20654
20543
20321
20210
21012
21123
21234
21345
21456
21567
21678
21789
21890
21987
21876
21765
21654
21543
21321
21210
22012
22123
22234
22345
22456
22567
22678
22789
22890
22987
22876
22765
22654
22543
22321
22210
23012
23123
23234
23345
23456
23567
23678
23789
23890
23987
23876
23765
23654
23543
23321
23210
24012
24123
24234
24345
24456
24567
24678
24789
24890
24987
24876
24765
24654
24543
24321
24210
25012
25123
25234
25345
25456
25567
25678
25789
25890
25987
25876
25765
25654
25543
25321
25210
26012
26123
26234
26345
26456
26567
26678
26789
26890
26987
26876
26765
26654
26543
26321
26210
27012
27123
27234
27345
27456
27567
27678
27789
27890
27987
27876
27765
27654
27543
27321
27210
28012
28123
28234
28345
28456
28567
28678
28789
28890
28987
28876
28765
28654
28543
28321
28210
29012
29123
29234
29345
29456
29567
29678
29789
29890
29987
29876
29765
29654
29543
29321
29210
30012
30123
30234
30345
30456
30567
30678
30789
30890
30987
30876
30765
30654
30543
30321
30210
31012
31123
31234
31345
31456
31567
31678
31789
31890
31987
31876
31765
31654
31543
31321
31210
32012
32123
32234
32345
32456
32567
32678
32789
32890
32987
32876
32765
32654
32543
32321
32210
33012
33123
33234
33345
33456
33567
33678
33789
33890
33987
33876
33765
33654
33543
33321
33210
34012
34123
34234
34345
34456
34567
34678
34789
34890
34987
34876
34765
34654
34543
34321
34210
35012
35123
35234
35345
35456
35567
35678
35789
35890
35987
35876
35765
35654
35543
35321
35210
36012
36123
36234
36345
36456
36567
36678
36789
36890
36987
36876
36765
36654
36543
36321
36210
37012
37123
37234
37345
37456
37567
37678
37789
37890
37987
37876
37765
37654
37543
37321
37210
38012
38123
38234
38345
38456
38567
38678
38789
38890
38987
38876
38765
38654
38543
38321
38210
39012
39123
39234
39345
39456
39567
39678
39789
39890
39987
39876
39765
39654
39543
39321
39210
40012
40123
40234
40345
40456
40567
40678
40789
40890
40987
40876
40765
40654
40543
40321
40210
41012
41123
41234
41345
41456
41567
41678
41789
41890
41987
41876
41765
41654
41543
41321
41210
42012
42123
42234
42345
42456
42567
42678
42789
42890
42987
42876
42765
42654
42543
42321
42210
43012
43123
43234
43345
43456
43567
43678
43789
43890
43987
43876
43765
43654
43543
43321
43210
44012
44123
44234
44345
44456
44567
44678
44789
44890
44987
44876
44765
44654
44543
44321
44210
45012
45123
45234
45345
45456
45567
45678
45789
45890
45987
45876
45765
45654
45543
45321
45210
46012
46123
46234
46345
46456
46567
46678
46789
46890
46987
46876
46765
46654
46543
46321
46210
47012
47123
47234
47345
47456
47567
47678
47789
47890
47987
47876
47765
47654
47543
47321
47210
48012
48123
48234
48345
48456
48567
48678
48789
48890
48987
48876
48765
48654
48543
48321
48210
49012
49123
49234
49345
49456
49567
49678
49789
49890
49987
49876
49765
49654
49543
49321
49210
50012
50123
50234
50345
50456
50567
50678
50789
50890
50987
50876
50765
50654
50543
50321
50210
51012
51123
51234
51345
51456
51567
51678
51789
51890
51987
51876
51765
51654
51543
51321
51210
52012
52123
52234
52345
52456
52567
52678
52789
52890
52987
52876
52765
52654
52543
52321
52210
53012
53123
53234
53345
53456
53567
53678
53789
53890
53987
53876
53765
53654
53543
53321
53210
54012
54123
54234
54345
54456
54567
54678
54789
54890
54987
54876
54765
54654
54543
54321
54210
55012
55123
55234
55345
55456
55567
55678
55789
55890
55987
55876
55765
55654
55543
55321
55210
56012
56123
56234
56345
56456
56567
56678
56789
56890
56987
56876
56765
56654
56543
56321
56210
57012
57123
57234
57345
57456
57567
57678
57789
57890
57987
57876
57765
57654
57543
57321
57210
58012
58123
58234
58345
58456
58567
58678
58789
58890
58987
58876
58765
58654
58543
58321
58210
59012
59123
59234
59345
59456
59567
59678
59789
59890
59987
59876
59765
59654
59543
59321
59210
60012
60123
60234
60345
60456
60567
60678
60789
60890
60987
60876
60765
60654
60543
60321
60210
61012
61123
61234
61345
61456
61567
61678
61789
61890
61987
61876
61765
61654
61543
61321
61210
62012
62123
62234
62345
62456
62567
62678
62789
62890
62987
62876
62765
62654
62543
62321
62210
63012
63123
63234
63345
63456
63567
63678
63789
63890
63987
63876
63765
63654
63543
63321
63210
64012
64123
64234
64345
64456
64567
64678
64789
64890
64987
64876
64765
64654
64543
64321
64210
65012
65123
65234
65345
65456
65567
65678
65789
65890
65987
65876
65765
65654
65543
65321
65210
66012
66123
66234
66345
66456
66567
66678
66789
66890
66987
66876
66765
66654
66543
66321
66210
67012
67123
67234
67345
67456
67567
67678
67789
67890
67987
67876
67765
67654
67543
67321
67210
68012
68123
68234
68345
68456
68567
68678
68789
68890
68987
68876
68765
68654
68543
68321
68210
69012
69123
69234
69345
69456
69567
69678
69789
69890
69987
69876
69765
69654
69543
69321
69210
70012
70123
70234
70345
70456
70567
70678
70789
70890
70987
70876
70765
70654
70543
70321
70210
71012
71123
71234
71345
71456
71567
71678
71789
71890
71987
71876
71765
71654
71543
71321
71210
72012
72123
72234
72345
72456
72567
72678
72789
72890
72987
72876
72765
72654
72543
72321
72210
73012
73123
73234
73345
73456
73567
73678
73789
73890
73987
73876
73765
73654
73543
73321
73210
74012
74123
74234
74345
74456
74567
74678
74789
74890
74987
74876
74765
74654
74543
74321
74210
75012
75123
75234
75345
75456
75567
75678
75789
75890
75987
75876
75765
75654
75543
75321
75210
76012
76123
76234
76345
76456
76567
76678
76789
76890
76987
76876
76765
76654
76543
76321
76210
77012
77123
77234
77345
77456
77567
77678
77789
77890
77987
77876
77765
77654
77543
77321
77210
78012
78123
78234
78345
78456
78567
78678
78789
78890
78987
78876
78765
78654
78543
78321
78210
79012
79123
79234
79345
79456
79567
79678
79789
79890
79987
79876
79765
79654
79543
79321
79210
80012
80123
80234
80345
80456
80567
80678
80789
80890
80987
80876
80765
80654
80543
80321
80210
81012
81123
81234
81345
81456
81567
81678
81789
81890
81987
81876
81765
81654
81543
81321
81210
82012
82123
82234
82345
82456
82567
82678
82789
82890
82987
82876
82765
82654
82543
82321
82210
83012
83123
83234
83345
83456
83567
83678
83789
83890
83987
83876
83765
83654
83543
83321
83210
84012
84123
84234
84345
84456
84567
84678
84789
84890
84987
84876
84765
84654
84543
84321
84210
85012
85123
85234
85345
85456
85567
85678
85789
85890
85987
85876
85765
85654
85543
85321
85210
86012
86123
86234
86345
86456
86567
86678
86789
86890
86987
86876
86765
86654
86543
86321
86210
87012
87123
87234
87345
87456
87567
87678
87789
87890
87987
87876
87765
87654
87543
87321
87210
88012
88123
88234
88345
88456
88567
88678
88789
88890
88987
88876
88765
88654
88543
88321
88210
89012
89123
89234
89345
89456
89567
89678
89789
89890
89987
89876
89765
89654
89543
89321
89210
90012
90123
90234
90345
90456
90567
90678
90789
90890
90987
90876
90765
90654
90543
90321
90210
91012
91123
91234
91345
91456
91567
91678
91789
91890
91987
91876
91765
91654
91543
91321
91210
92012
92123
92234
92345
92456
92567
92678
92789
92890
92987
92876
92765
92654
92543
92321
92210
93012
93123
93234
93345
93456
93567
93678
93789
93890
93987
93876
93765
93654
93543
93321
93210
94012
94123
94234
94345
94456
94567
94678
94789
94890
94987
94876
94765
94654
94543
94321
94210
95012
95123
95234
95345
95456
95567
95678
95789
95890
95987
95876
95765
95654
95543
95321
95210
96012
96123
96234
96345
96456
96567
96678
96789
96890
96987
96876
96765
96654
96543
96321
96210
97012
97123
97234
97345
97456
97567
97678
97789
97890
97987
97876
97765
97654
97543
97321
97210
98012
98123
98234
98345
98456
98567
98678
98789
98890
98987
98876
98765
98654
98543
98321
98210
99012
99123
99234
99345
99456
99567
99678
99789
99890
99987
99876
99765
99654
99543
99321
99210
