00000
00001
00002
00003
00004
00005
00006
00007
00008
00009
00110
00111
00112
00113
00114
00115
00116
00117
00118
00119
00220
00221
00222
00223
00224
00225
00226
00227
00228
00229
00330
00331
00332
00333
00334
00335
00336
00337
00338
00339
00440
00441
00442
00443
00444
00445
00446
00447
00448
00449
00550
00551
00552
00553
00554
00555
00556
00557
00558
00559
00660
00661
00662
00663
00664
00665
00666
00667
00668
00669
00770
00771
00772
00773
00774
00775
00776
00777
00778
00779
00880
00881
00882
00883
00884
00885
00886
00887
00888
00889
00990
00991
00992
00993
00994
00995
00996
00997
00998
00999
11000
11001
11002
11003
11004
11005
11006
11007
11008
11009
11110
11111
11112
11113
11114
11115
11116
11117
11118
11119
11220
11221
11222
11223
11224
11225
11226
11227
11228
11229
11330
11331
11332
11333
11334
11335
11336
11337
11338
11339
11440
11441
11442
11443
11444
11445
11446
11447
11448
11449
11550
11551
11552
11553
11554
11555
11556
11557
11558
11559
11660
11661
11662
11663
11664
11665
11666
11667
11668
11669
11770
11771
11772
11773
11774
11775
11776
11777
11778
11779
11880
11881
11882
11883
11884
11885
11886
11887
11888
11889
11990
11991
11992
11993
11994
11995
11996
11997
11998
11999
22000
22001
22002
22003
22004
22005
22006
22007
22008
22009
22110
22111
22112
22113
22114
22115
22116
22117
22118
22119
22220
22221
22222
22223
22224
22225
22226
22227
22228
22229
22330
22331
22332
22333
22334
22335
22336
22337
22338
22339
22440
22441
22442
22443
22444
22445
22446
22447
22448
22449
22550
22551
22552
22553
22554
22555
22556
22557
22558
22559
22660
22661
22662
22663
22664
22665
22666
22667
22668
22669
22770
22771
22772
22773
22774
22775
22776
22777
22778
22779
22880
22881
22882
22883
22884
22885
22886
22887
22888
22889
22990
22991
22992
22993
22994
22995
22996
22997
22998
22999
33000
33001
33002
33003
33004
33005
33006
33007
33008
33009
33110
33111
33112
33113
33114
33115
33116
33117
33118
33119
33220
33221
33222
33223
33224
33225
33226
33227
33228
33229
33330
33331
33332
33333
33334
33335
33336
33337
33338
33339
33440
33441
33442
33443
33444
33445
33446
33447
33448
33449
33550
33551
33552
33553
33554
33555
33556
33557
33558
33559
33660
33661
33662
33663
33664
33665
33666
33667
33668
33669
33770
33771
33772
33773
33774
33775
33776
33777
33778
33779
33880
33881
33882
33883
33884
33885
33886
33887
33888
33889
33990
33991
33992
33993
33994
33995
33996
33997
33998
33999
44000
44001
44002
44003
44004
44005
44006
44007
44008
44009
44110
44111
44112
44113
44114
44115
44116
44117
44118
44119
44220
44221
44222
44223
44224
44225
44226
44227
44228
44229
44330
44331
44332
44333
44334
44335
44336
44337
44338
44339
44440
44441
44442
44443
44444
44445
44446
44447
44448
44449
44550
44551
44552
44553
44554
44555
44556
44557
44558
44559
44660
44661
44662
44663
44664
44665
44666
44667
44668
44669
44770
44771
44772
44773
44774
44775
44776
44777
44778
44779
44880
44881
44882
44883
44884
44885
44886
44887
44888
44889
44990
44991
44992
44993
44994
44995
44996
44997
44998
44999
55000
55001
55002
55003
55004
55005
55006
55007
55008
55009
55110
55111
55112
55113
55114
55115
55116
55117
55118
55119
55220
55221
55222
55223
55224
55225
55226
55227
55228
55229
55330
55331
55332
55333
55334
55335
55336
55337
55338
55339
55440
55441
55442
55443
55444
55445
55446
55447
55448
55449
55550
55551
55552
55553
55554
55555
55556
55557
55558
55559
55660
55661
55662
55663
55664
55665
55666
55667
55668
55669
55770
55771
55772
55773
55774
55775
55776
55777
55778
55779
55880
55881
55882
55883
55884
55885
55886
55887
55888
55889
55990
55991
55992
55993
55994
55995
55996
55997
55998
55999
66000
66001
66002
66003
66004
66005
66006
66007
66008
66009
66110
66111
66112
66113
66114
66115
66116
66117
66118
66119
66220
66221
66222
66223
66224
66225
66226
66227
66228
66229
66330
66331
66332
66333
66334
66335
66336
66337
66338
66339
66440
66441
66442
66443
66444
66445
66446
66447
66448
66449
66550
66551
66552
66553
66554
66555
66556
66557
66558
66559
66660
66661
66662
66663
66664
66665
66666
66667
66668
66669
66770
66771
66772
66773
66774
66775
66776
66777
66778
66779
66880
66881
66882
66883
66884
66885
66886
66887
66888
66889
66990
66991
66992
66993
66994
66995
66996
66997
66998
66999
77000
77001
77002
77003
77004
77005
77006
77007
77008
77009
77110
77111
77112
77113
77114
77115
77116
77117
77118
77119
77220
77221
77222
77223
77224
77225
77226
77227
77228
77229
77330
77331
77332
77333
77334
77335
77336
77337
77338
77339
77440
77441
77442
77443
77444
77445
77446
77447
77448
77449
77550
77551
77552
77553
77554
77555
77556
77557
77558
77559
77660
77661
77662
77663
77664
77665
77666
77667
77668
77669
77770
77771
77772
77773
77774
77775
77776
77777
77778
77779
77880
77881
77882
77883
77884
77885
77886
77887
77888
77889
77990
77991
77992
77993
77994
77995
77996
77997
77998
77999
88000
88001
88002
88003
88004
88005
88006
88007
88008
88009
88110
88111
88112
88113
88114
88115
88116
88117
88118
88119
88220
88221
88222
88223
88224
88225
88226
88227
88228
88229
88330
88331
88332
88333
88334
88335
88336
88337
88338
88339
88440
88441
88442
88443
88444
88445
88446
88447
88448
88449
88550
88551
88552
88553
88554
88555
88556
88557
88558
88559
88660
88661
88662
88663
88664
88665
88666
88667
88668
88669
88770
88771
88772
88773
88774
88775
88776
88777
88778
88779
88880
88881
88882
88883
88884
88885
88886
88887
88888
88889
88990
88991
88992
88993
88994
88995
88996
88997
88998
88999
99000
99001
99002
99003
99004
99005
99006
99007
99008
99009
99110
99111
99112
99113
99114
99115
99116
99117
99118
99119
99220
99221
99222
99223
99224
99225
99226
99227
99228
99229
99330
99331
99332
99333
99334
99335
99336
99337
99338
99339
99440
99441
99442
99443
99444
99445
99446
99447
99448
99449
99550
99551
99552
99553
99554
99555
99556
99557
99558
99559
99660
99661
99662
99663
99664
99665
99666
99667
99668
99669
99770
99771
99772
99773
99774
99775
99776
99777
99778
99779
99880
99881
99882
99883
99884
99885
99886
99887
99888
99889
99990
99991
99992
99993
99994
99995
99996
99997
99998
99999
00000
00011
00022
00033
00044
00055
00066
00077
00088
00099
01100
01111
01122
01133
01144
01155
01166
01177
01188
01199
02200
02211
02222
02233
02244
02255
02266
02277
02288
02299
03300
03311
03322
03333
03344
03355
03366
03377
03388
03399
04400
04411
04422
04433
04444
04455
04466
04477
04488
04499
05500
05511
05522
05533
05544
05555
05566
05577
05588
05599
06600
06611
06622
06633
06644
06655
06666
06677
06688
06699
07700
07711
07722
07733
07744
07755
07766
07777
07788
07799
08800
08811
08822
08833
08844
08855
08866
08877
08888
08899
09900
09911
09922
09933
09944
09955
09966
09977
09988
09999
10000
10011
10022
10033
10044
10055
10066
10077
10088
10099
11100
11111
11122
11133
11144
11155
11166
11177
11188
11199
12200
12211
12222
12233
12244
12255
12266
12277
12288
12299
13300
13311
13322
13333
13344
13355
13366
13377
13388
13399
14400
14411
14422
14433
14444
14455
14466
14477
14488
14499
15500
15511
15522
15533
15544
15555
15566
15577
15588
15599
16600
16611
16622
16633
16644
16655
16666
16677
16688
16699
17700
17711
17722
17733
17744
17755
17766
17777
17788
17799
18800
18811
18822
18833
18844
18855
18866
18877
18888
18899
19900
19911
19922
19933
19944
19955
19966
19977
19988
19999
20000
20011
20022
20033
20044
20055
20066
20077
20088
20099
21100
21111
21122
21133
21144
21155
21166
21177
21188
21199
22200
22211
22222
22233
22244
22255
22266
22277
22288
22299
23300
23311
23322
23333
23344
23355
23366
23377
23388
23399
24400
24411
24422
24433
24444
24455
24466
24477
24488
24499
25500
25511
25522
25533
25544
25555
25566
25577
25588
25599
26600
26611
26622
26633
26644
26655
26666
26677
26688
26699
27700
27711
27722
27733
27744
27755
27766
27777
27788
27799
28800
28811
28822
28833
28844
28855
28866
28877
28888
28899
29900
29911
29922
29933
29944
29955
29966
29977
29988
29999
30000
30011
30022
30033
30044
30055
30066
30077
30088
30099
31100
31111
31122
31133
31144
31155
31166
31177
31188
31199
32200
32211
32222
32233
32244
32255
32266
32277
32288
32299
33300
33311
33322
33333
33344
33355
33366
33377
33388
33399
34400
34411
34422
34433
34444
34455
34466
34477
34488
34499
35500
35511
35522
35533
35544
35555
35566
35577
35588
35599
36600
36611
36622
36633
36644
36655
36666
36677
36688
36699
37700
37711
37722
37733
37744
37755
37766
37777
37788
37799
38800
38811
38822
38833
38844
38855
38866
38877
38888
38899
39900
39911
39922
39933
39944
39955
39966
39977
39988
39999
40000
40011
40022
40033
40044
40055
40066
40077
40088
40099
41100
41111
41122
41133
41144
41155
41166
41177
41188
41199
42200
42211
42222
42233
42244
42255
42266
42277
42288
42299
43300
43311
43322
43333
43344
43355
43366
43377
43388
43399
44400
44411
44422
44433
44444
44455
44466
44477
44488
44499
45500
45511
45522
45533
45544
45555
45566
45577
45588
45599
46600
46611
46622
46633
46644
46655
46666
46677
46688
46699
47700
47711
47722
47733
47744
47755
47766
47777
47788
47799
48800
48811
48822
48833
48844
48855
48866
48877
48888
48899
49900
49911
49922
49933
49944
49955
49966
49977
49988
49999
50000
50011
50022
50033
50044
50055
50066
50077
50088
50099
51100
51111
51122
51133
51144
51155
51166
51177
51188
51199
52200
52211
52222
52233
52244
52255
52266
52277
52288
52299
53300
53311
53322
53333
53344
53355
53366
53377
53388
53399
54400
54411
54422
54433
54444
54455
54466
54477
54488
54499
55500
55511
55522
55533
55544
55555
55566
55577
55588
55599
56600
56611
56622
56633
56644
56655
56666
56677
56688
56699
57700
57711
57722
57733
57744
57755
57766
57777
57788
57799
58800
58811
58822
58833
58844
58855
58866
58877
58888
58899
59900
59911
59922
59933
59944
59955
59966
59977
59988
59999
60000
60011
60022
60033
60044
60055
60066
60077
60088
60099
61100
61111
61122
61133
61144
61155
61166
61177
61188
61199
62200
62211
62222
62233
62244
62255
62266
62277
62288
62299
63300
63311
63322
63333
63344
63355
63366
63377
63388
63399
64400
64411
64422
64433
64444
64455
64466
64477
64488
64499
65500
65511
65522
65533
65544
65555
65566
65577
65588
65599
66600
66611
66622
66633
66644
66655
66666
66677
66688
66699
67700
67711
67722
67733
67744
67755
67766
67777
67788
67799
68800
68811
68822
68833
68844
68855
68866
68877
68888
68899
69900
69911
69922
69933
69944
69955
69966
69977
69988
69999
70000
70011
70022
70033
70044
70055
70066
70077
70088
70099
71100
71111
71122
71133
71144
71155
71166
71177
71188
71199
72200
72211
72222
72233
72244
72255
72266
72277
72288
72299
73300
73311
73322
73333
73344
73355
73366
73377
73388
73399
74400
74411
74422
74433
74444
74455
74466
74477
74488
74499
75500
75511
75522
75533
75544
75555
75566
75577
75588
75599
76600
76611
76622
76633
76644
76655
76666
76677
76688
76699
77700
77711
77722
77733
77744
77755
77766
77777
77788
77799
78800
78811
78822
78833
78844
78855
78866
78877
78888
78899
79900
79911
79922
79933
79944
79955
79966
79977
79988
79999
80000
80011
80022
80033
80044
80055
80066
80077
80088
80099
81100
81111
81122
81133
81144
81155
81166
81177
81188
81199
82200
82211
82222
82233
82244
82255
82266
82277
82288
82299
83300
83311
83322
83333
83344
83355
83366
83377
83388
83399
84400
84411
84422
84433
84444
84455
84466
84477
84488
84499
85500
85511
85522
85533
85544
85555
85566
85577
85588
85599
86600
86611
86622
86633
86644
86655
86666
86677
86688
86699
87700
87711
87722
87733
87744
87755
87766
87777
87788
87799
88800
88811
88822
88833
88844
88855
88866
88877
88888
88899
89900
89911
89922
89933
89944
89955
89966
89977
89988
89999
90000
90011
90022
90033
90044
90055
90066
90077
90088
90099
91100
91111
91122
91133
91144
91155
91166
91177
91188
91199
92200
92211
92222
92233
92244
92255
92266
92277
92288
92299
93300
93311
93322
93333
93344
93355
93366
93377
93388
93399
94400
94411
94422
94433
94444
94455
94466
94477
94488
94499
95500
95511
95522
95533
95544
95555
95566
95577
95588
95599
96600
96611
96622
96633
96644
96655
96666
96677
96688
96699
97700
97711
97722
97733
97744
97755
97766
97777
97788
97799
98800
98811
98822
98833
98844
98855
98866
98877
98888
98899
99900
99911
99922
99933
99944
99955
99966
99977
99988
99999
