00000
00001
00002
00003
00004
00005
00006
00007
00008
00009
01110
01111
01112
01113
01114
01115
01116
01117
01118
01119
02220
02221
02222
02223
02224
02225
02226
02227
02228
02229
03330
03331
03332
03333
03334
03335
03336
03337
03338
03339
04440
04441
04442
04443
04444
04445
04446
04447
04448
04449
05550
05551
05552
05553
05554
05555
05556
05557
05558
05559
06660
06661
06662
06663
06664
06665
06666
06667
06668
06669
07770
07771
07772
07773
07774
07775
07776
07777
07778
07779
08880
08881
08882
08883
08884
08885
08886
08887
08888
08889
09990
09991
09992
09993
09994
09995
09996
09997
09998
09999
10000
10001
10002
10003
10004
10005
10006
10007
10008
10009
11110
11111
11112
11113
11114
11115
11116
11117
11118
11119
12220
12221
12222
12223
12224
12225
12226
12227
12228
12229
13330
13331
13332
13333
13334
13335
13336
13337
13338
13339
14440
14441
14442
14443
14444
14445
14446
14447
14448
14449
15550
15551
15552
15553
15554
15555
15556
15557
15558
15559
16660
16661
16662
16663
16664
16665
16666
16667
16668
16669
17770
17771
17772
17773
17774
17775
17776
17777
17778
17779
18880
18881
18882
18883
18884
18885
18886
18887
18888
18889
19990
19991
19992
19993
19994
19995
19996
19997
19998
19999
20000
20001
20002
20003
20004
20005
20006
20007
20008
20009
21110
21111
21112
21113
21114
21115
21116
21117
21118
21119
22220
22221
22222
22223
22224
22225
22226
22227
22228
22229
23330
23331
23332
23333
23334
23335
23336
23337
23338
23339
24440
24441
24442
24443
24444
24445
24446
24447
24448
24449
25550
25551
25552
25553
25554
25555
25556
25557
25558
25559
26660
26661
26662
26663
26664
26665
26666
26667
26668
26669
27770
27771
27772
27773
27774
27775
27776
27777
27778
27779
28880
28881
28882
28883
28884
28885
28886
28887
28888
28889
29990
29991
29992
29993
29994
29995
29996
29997
29998
29999
30000
30001
30002
30003
30004
30005
30006
30007
30008
30009
31110
31111
31112
31113
31114
31115
31116
31117
31118
31119
32220
32221
32222
32223
32224
32225
32226
32227
32228
32229
33330
33331
33332
33333
33334
33335
33336
33337
33338
33339
34440
34441
34442
34443
34444
34445
34446
34447
34448
34449
35550
35551
35552
35553
35554
35555
35556
35557
35558
35559
36660
36661
36662
36663
36664
36665
36666
36667
36668
36669
37770
37771
37772
37773
37774
37775
37776
37777
37778
37779
38880
38881
38882
38883
38884
38885
38886
38887
38888
38889
39990
39991
39992
39993
39994
39995
39996
39997
39998
39999
40000
40001
40002
40003
40004
40005
40006
40007
40008
40009
41110
41111
41112
41113
41114
41115
41116
41117
41118
41119
42220
42221
42222
42223
42224
42225
42226
42227
42228
42229
43330
43331
43332
43333
43334
43335
43336
43337
43338
43339
44440
44441
44442
44443
44444
44445
44446
44447
44448
44449
45550
45551
45552
45553
45554
45555
45556
45557
45558
45559
46660
46661
46662
46663
46664
46665
46666
46667
46668
46669
47770
47771
47772
47773
47774
47775
47776
47777
47778
47779
48880
48881
48882
48883
48884
48885
48886
48887
48888
48889
49990
49991
49992
49993
49994
49995
49996
49997
49998
49999
50000
50001
50002
50003
50004
50005
50006
50007
50008
50009
51110
51111
51112
51113
51114
51115
51116
51117
51118
51119
52220
52221
52222
52223
52224
52225
52226
52227
52228
52229
53330
53331
53332
53333
53334
53335
53336
53337
53338
53339
54440
54441
54442
54443
54444
54445
54446
54447
54448
54449
55550
55551
55552
55553
55554
55555
55556
55557
55558
55559
56660
56661
56662
56663
56664
56665
56666
56667
56668
56669
57770
57771
57772
57773
57774
57775
57776
57777
57778
57779
58880
58881
58882
58883
58884
58885
58886
58887
58888
58889
59990
59991
59992
59993
59994
59995
59996
59997
59998
59999
60000
60001
60002
60003
60004
60005
60006
60007
60008
60009
61110
61111
61112
61113
61114
61115
61116
61117
61118
61119
62220
62221
62222
62223
62224
62225
62226
62227
62228
62229
63330
63331
63332
63333
63334
63335
63336
63337
63338
63339
64440
64441
64442
64443
64444
64445
64446
64447
64448
64449
65550
65551
65552
65553
65554
65555
65556
65557
65558
65559
66660
66661
66662
66663
66664
66665
66666
66667
66668
66669
67770
67771
67772
67773
67774
67775
67776
67777
67778
67779
68880
68881
68882
68883
68884
68885
68886
68887
68888
68889
69990
69991
69992
69993
69994
69995
69996
69997
69998
69999
70000
70001
70002
70003
70004
70005
70006
70007
70008
70009
71110
71111
71112
71113
71114
71115
71116
71117
71118
71119
72220
72221
72222
72223
72224
72225
72226
72227
72228
72229
73330
73331
73332
73333
73334
73335
73336
73337
73338
73339
74440
74441
74442
74443
74444
74445
74446
74447
74448
74449
75550
75551
75552
75553
75554
75555
75556
75557
75558
75559
76660
76661
76662
76663
76664
76665
76666
76667
76668
76669
77770
77771
77772
77773
77774
77775
77776
77777
77778
77779
78880
78881
78882
78883
78884
78885
78886
78887
78888
78889
79990
79991
79992
79993
79994
79995
79996
79997
79998
79999
80000
80001
80002
80003
80004
80005
80006
80007
80008
80009
81110
81111
81112
81113
81114
81115
81116
81117
81118
81119
82220
82221
82222
82223
82224
82225
82226
82227
82228
82229
83330
83331
83332
83333
83334
83335
83336
83337
83338
83339
84440
84441
84442
84443
84444
84445
84446
84447
84448
84449
85550
85551
85552
85553
85554
85555
85556
85557
85558
85559
86660
86661
86662
86663
86664
86665
86666
86667
86668
86669
87770
87771
87772
87773
87774
87775
87776
87777
87778
87779
88880
88881
88882
88883
88884
88885
88886
88887
88888
88889
89990
89991
89992
89993
89994
89995
89996
89997
89998
89999
90000
90001
90002
90003
90004
90005
90006
90007
90008
90009
91110
91111
91112
91113
91114
91115
91116
91117
91118
91119
92220
92221
92222
92223
92224
92225
92226
92227
92228
92229
93330
93331
93332
93333
93334
93335
93336
93337
93338
93339
94440
94441
94442
94443
94444
94445
94446
94447
94448
94449
95550
95551
95552
95553
95554
95555
95556
95557
95558
95559
96660
96661
96662
96663
96664
96665
96666
96667
96668
96669
97770
97771
97772
97773
97774
97775
97776
97777
97778
97779
98880
98881
98882
98883
98884
98885
98886
98887
98888
98889
99990
99991
99992
99993
99994
99995
99996
99997
99998
99999
