95000
95001
95002
95003
95004
95005
95006
95007
95008
95009
95010
95011
95012
95013
95014
95015
95016
95017
95018
95019
95020
95021
95022
95023
95024
95025
95026
95027
95028
95029
95030
95031
95032
95033
95034
95035
95036
95037
95038
95039
95040
95041
95042
95043
95044
95045
95046
95047
95048
95049
95050
95051
95052
95053
95054
95055
95056
95057
95058
95059
95060
95061
95062
95063
95064
95065
95066
95067
95068
95069
95070
95071
95072
95073
95074
95075
95076
95077
95078
95079
95080
95081
95082
95083
95084
95085
95086
95087
95088
95089
95090
95091
95092
95093
95094
95095
95096
95097
95098
95099
95100
95101
95102
95103
95104
95105
95106
95107
95108
95109
95110
95111
95112
95113
95114
95115
95116
95117
95118
95119
95120
95121
95122
95123
95124
95125
95126
95127
95128
95129
95130
95131
95132
95133
95134
95135
95136
95137
95138
95139
95140
95141
95142
95143
95144
95145
95146
95147
95148
95149
95150
95151
95152
95153
95154
95155
95156
95157
95158
95159
95160
95161
95162
95163
95164
95165
95166
95167
95168
95169
95170
95171
95172
95173
95174
95175
95176
95177
95178
95179
95180
95181
95182
95183
95184
95185
95186
95187
95188
95189
95190
95191
95192
95193
95194
95195
95196
95197
95198
95199
95200
95201
95202
95203
95204
95205
95206
95207
95208
95209
95210
95211
95212
95213
95214
95215
95216
95217
95218
95219
95220
95221
95222
95223
95224
95225
95226
95227
95228
95229
95230
95231
95232
95233
95234
95235
95236
95237
95238
95239
95240
95241
95242
95243
95244
95245
95246
95247
95248
95249
95250
95251
95252
95253
95254
95255
95256
95257
95258
95259
95260
95261
95262
95263
95264
95265
95266
95267
95268
95269
95270
95271
95272
95273
95274
95275
95276
95277
95278
95279
95280
95281
95282
95283
95284
95285
95286
95287
95288
95289
95290
95291
95292
95293
95294
95295
95296
95297
95298
95299
95300
95301
95302
95303
95304
95305
95306
95307
95308
95309
95310
95311
95312
95313
95314
95315
95316
95317
95318
95319
95320
95321
95322
95323
95324
95325
95326
95327
95328
95329
95330
95331
95332
95333
95334
95335
95336
95337
95338
95339
95340
95341
95342
95343
95344
95345
95346
95347
95348
95349
95350
95351
95352
95353
95354
95355
95356
95357
95358
95359
95360
95361
95362
95363
95364
95365
95366
95367
95368
95369
95370
95371
95372
95373
95374
95375
95376
95377
95378
95379
95380
95381
95382
95383
95384
95385
95386
95387
95388
95389
95390
95391
95392
95393
95394
95395
95396
95397
95398
95399
95400
95401
95402
95403
95404
95405
95406
95407
95408
95409
95410
95411
95412
95413
95414
95415
95416
95417
95418
95419
95420
95421
95422
95423
95424
95425
95426
95427
95428
95429
95430
95431
95432
95433
95434
95435
95436
95437
95438
95439
95440
95441
95442
95443
95444
95445
95446
95447
95448
95449
95450
95451
95452
95453
95454
95455
95456
95457
95458
95459
95460
95461
95462
95463
95464
95465
95466
95467
95468
95469
95470
95471
95472
95473
95474
95475
95476
95477
95478
95479
95480
95481
95482
95483
95484
95485
95486
95487
95488
95489
95490
95491
95492
95493
95494
95495
95496
95497
95498
95499
95500
95501
95502
95503
95504
95505
95506
95507
95508
95509
95510
95511
95512
95513
95514
95515
95516
95517
95518
95519
95520
95521
95522
95523
95524
95525
95526
95527
95528
95529
95530
95531
95532
95533
95534
95535
95536
95537
95538
95539
95540
95541
95542
95543
95544
95545
95546
95547
95548
95549
95550
95551
95552
95553
95554
95555
95556
95557
95558
95559
95560
95561
95562
95563
95564
95565
95566
95567
95568
95569
95570
95571
95572
95573
95574
95575
95576
95577
95578
95579
95580
95581
95582
95583
95584
95585
95586
95587
95588
95589
95590
95591
95592
95593
95594
95595
95596
95597
95598
95599
95600
95601
95602
95603
95604
95605
95606
95607
95608
95609
95610
95611
95612
95613
95614
95615
95616
95617
95618
95619
95620
95621
95622
95623
95624
95625
95626
95627
95628
95629
95630
95631
95632
95633
95634
95635
95636
95637
95638
95639
95640
95641
95642
95643
95644
95645
95646
95647
95648
95649
95650
95651
95652
95653
95654
95655
95656
95657
95658
95659
95660
95661
95662
95663
95664
95665
95666
95667
95668
95669
95670
95671
95672
95673
95674
95675
95676
95677
95678
95679
95680
95681
95682
95683
95684
95685
95686
95687
95688
95689
95690
95691
95692
95693
95694
95695
95696
95697
95698
95699
95700
95701
95702
95703
95704
95705
95706
95707
95708
95709
95710
95711
95712
95713
95714
95715
95716
95717
95718
95719
95720
95721
95722
95723
95724
95725
95726
95727
95728
95729
95730
95731
95732
95733
95734
95735
95736
95737
95738
95739
95740
95741
95742
95743
95744
95745
95746
95747
95748
95749
95750
95751
95752
95753
95754
95755
95756
95757
95758
95759
95760
95761
95762
95763
95764
95765
95766
95767
95768
95769
95770
95771
95772
95773
95774
95775
95776
95777
95778
95779
95780
95781
95782
95783
95784
95785
95786
95787
95788
95789
95790
95791
95792
95793
95794
95795
95796
95797
95798
95799
95800
95801
95802
95803
95804
95805
95806
95807
95808
95809
95810
95811
95812
95813
95814
95815
95816
95817
95818
95819
95820
95821
95822
95823
95824
95825
95826
95827
95828
95829
95830
95831
95832
95833
95834
95835
95836
95837
95838
95839
95840
95841
95842
95843
95844
95845
95846
95847
95848
95849
95850
95851
95852
95853
95854
95855
95856
95857
95858
95859
95860
95861
95862
95863
95864
95865
95866
95867
95868
95869
95870
95871
95872
95873
95874
95875
95876
95877
95878
95879
95880
95881
95882
95883
95884
95885
95886
95887
95888
95889
95890
95891
95892
95893
95894
95895
95896
95897
95898
95899
95900
95901
95902
95903
95904
95905
95906
95907
95908
95909
95910
95911
95912
95913
95914
95915
95916
95917
95918
95919
95920
95921
95922
95923
95924
95925
95926
95927
95928
95929
95930
95931
95932
95933
95934
95935
95936
95937
95938
95939
95940
95941
95942
95943
95944
95945
95946
95947
95948
95949
95950
95951
95952
95953
95954
95955
95956
95957
95958
95959
95960
95961
95962
95963
95964
95965
95966
95967
95968
95969
95970
95971
95972
95973
95974
95975
95976
95977
95978
95979
95980
95981
95982
95983
95984
95985
95986
95987
95988
95989
95990
95991
95992
95993
95994
95995
95996
95997
95998
95999
96000
96001
96002
96003
96004
96005
96006
96007
96008
96009
96010
96011
96012
96013
96014
96015
96016
96017
96018
96019
96020
96021
96022
96023
96024
96025
96026
96027
96028
96029
96030
96031
96032
96033
96034
96035
96036
96037
96038
96039
96040
96041
96042
96043
96044
96045
96046
96047
96048
96049
96050
96051
96052
96053
96054
96055
96056
96057
96058
96059
96060
96061
96062
96063
96064
96065
96066
96067
96068
96069
96070
96071
96072
96073
96074
96075
96076
96077
96078
96079
96080
96081
96082
96083
96084
96085
96086
96087
96088
96089
96090
96091
96092
96093
96094
96095
96096
96097
96098
96099
96100
96101
96102
96103
96104
96105
96106
96107
96108
96109
96110
96111
96112
96113
96114
96115
96116
96117
96118
96119
96120
96121
96122
96123
96124
96125
96126
96127
96128
96129
96130
96131
96132
96133
96134
96135
96136
96137
96138
96139
96140
96141
96142
96143
96144
96145
96146
96147
96148
96149
96150
96151
96152
96153
96154
96155
96156
96157
96158
96159
96160
96161
96162
96163
96164
96165
96166
96167
96168
96169
96170
96171
96172
96173
96174
96175
96176
96177
96178
96179
96180
96181
96182
96183
96184
96185
96186
96187
96188
96189
96190
96191
96192
96193
96194
96195
96196
96197
96198
96199
96200
96201
96202
96203
96204
96205
96206
96207
96208
96209
96210
96211
96212
96213
96214
96215
96216
96217
96218
96219
96220
96221
96222
96223
96224
96225
96226
96227
96228
96229
96230
96231
96232
96233
96234
96235
96236
96237
96238
96239
96240
96241
96242
96243
96244
96245
96246
96247
96248
96249
96250
96251
96252
96253
96254
96255
96256
96257
96258
96259
96260
96261
96262
96263
96264
96265
96266
96267
96268
96269
96270
96271
96272
96273
96274
96275
96276
96277
96278
96279
96280
96281
96282
96283
96284
96285
96286
96287
96288
96289
96290
96291
96292
96293
96294
96295
96296
96297
96298
96299
96300
96301
96302
96303
96304
96305
96306
96307
96308
96309
96310
96311
96312
96313
96314
96315
96316
96317
96318
96319
96320
96321
96322
96323
96324
96325
96326
96327
96328
96329
96330
96331
96332
96333
96334
96335
96336
96337
96338
96339
96340
96341
96342
96343
96344
96345
96346
96347
96348
96349
96350
96351
96352
96353
96354
96355
96356
96357
96358
96359
96360
96361
96362
96363
96364
96365
96366
96367
96368
96369
96370
96371
96372
96373
96374
96375
96376
96377
96378
96379
96380
96381
96382
96383
96384
96385
96386
96387
96388
96389
96390
96391
96392
96393
96394
96395
96396
96397
96398
96399
96400
96401
96402
96403
96404
96405
96406
96407
96408
96409
96410
96411
96412
96413
96414
96415
96416
96417
96418
96419
96420
96421
96422
96423
96424
96425
96426
96427
96428
96429
96430
96431
96432
96433
96434
96435
96436
96437
96438
96439
96440
96441
96442
96443
96444
96445
96446
96447
96448
96449
96450
96451
96452
96453
96454
96455
96456
96457
96458
96459
96460
96461
96462
96463
96464
96465
96466
96467
96468
96469
96470
96471
96472
96473
96474
96475
96476
96477
96478
96479
96480
96481
96482
96483
96484
96485
96486
96487
96488
96489
96490
96491
96492
96493
96494
96495
96496
96497
96498
96499
96500
96501
96502
96503
96504
96505
96506
96507
96508
96509
96510
96511
96512
96513
96514
96515
96516
96517
96518
96519
96520
96521
96522
96523
96524
96525
96526
96527
96528
96529
96530
96531
96532
96533
96534
96535
96536
96537
96538
96539
96540
96541
96542
96543
96544
96545
96546
96547
96548
96549
96550
96551
96552
96553
96554
96555
96556
96557
96558
96559
96560
96561
96562
96563
96564
96565
96566
96567
96568
96569
96570
96571
96572
96573
96574
96575
96576
96577
96578
96579
96580
96581
96582
96583
96584
96585
96586
96587
96588
96589
96590
96591
96592
96593
96594
96595
96596
96597
96598
96599
96600
96601
96602
96603
96604
96605
96606
96607
96608
96609
96610
96611
96612
96613
96614
96615
96616
96617
96618
96619
96620
96621
96622
96623
96624
96625
96626
96627
96628
96629
96630
96631
96632
96633
96634
96635
96636
96637
96638
96639
96640
96641
96642
96643
96644
96645
96646
96647
96648
96649
96650
96651
96652
96653
96654
96655
96656
96657
96658
96659
96660
96661
96662
96663
96664
96665
96666
96667
96668
96669
96670
96671
96672
96673
96674
96675
96676
96677
96678
96679
96680
96681
96682
96683
96684
96685
96686
96687
96688
96689
96690
96691
96692
96693
96694
96695
96696
96697
96698
96699
96700
96701
96702
96703
96704
96705
96706
96707
96708
96709
96710
96711
96712
96713
96714
96715
96716
96717
96718
96719
96720
96721
96722
96723
96724
96725
96726
96727
96728
96729
96730
96731
96732
96733
96734
96735
96736
96737
96738
96739
96740
96741
96742
96743
96744
96745
96746
96747
96748
96749
96750
96751
96752
96753
96754
96755
96756
96757
96758
96759
96760
96761
96762
96763
96764
96765
96766
96767
96768
96769
96770
96771
96772
96773
96774
96775
96776
96777
96778
96779
96780
96781
96782
96783
96784
96785
96786
96787
96788
96789
96790
96791
96792
96793
96794
96795
96796
96797
96798
96799
96800
96801
96802
96803
96804
96805
96806
96807
96808
96809
96810
96811
96812
96813
96814
96815
96816
96817
96818
96819
96820
96821
96822
96823
96824
96825
96826
96827
96828
96829
96830
96831
96832
96833
96834
96835
96836
96837
96838
96839
96840
96841
96842
96843
96844
96845
96846
96847
96848
96849
96850
96851
96852
96853
96854
96855
96856
96857
96858
96859
96860
96861
96862
96863
96864
96865
96866
96867
96868
96869
96870
96871
96872
96873
96874
96875
96876
96877
96878
96879
96880
96881
96882
96883
96884
96885
96886
96887
96888
96889
96890
96891
96892
96893
96894
96895
96896
96897
96898
96899
96900
96901
96902
96903
96904
96905
96906
96907
96908
96909
96910
96911
96912
96913
96914
96915
96916
96917
96918
96919
96920
96921
96922
96923
96924
96925
96926
96927
96928
96929
96930
96931
96932
96933
96934
96935
96936
96937
96938
96939
96940
96941
96942
96943
96944
96945
96946
96947
96948
96949
96950
96951
96952
96953
96954
96955
96956
96957
96958
96959
96960
96961
96962
96963
96964
96965
96966
96967
96968
96969
96970
96971
96972
96973
96974
96975
96976
96977
96978
96979
96980
96981
96982
96983
96984
96985
96986
96987
96988
96989
96990
96991
96992
96993
96994
96995
96996
96997
96998
96999
10000
10001
10002
10003
10004
10005
10006
10007
10008
10009
10010
10011
10012
10013
10014
10015
10016
10017
10018
10019
10020
10021
10022
10023
10024
10025
10026
10027
10028
10029
10030
10031
10032
10033
10034
10035
10036
10037
10038
10039
10040
10041
10042
10043
10044
10045
10046
10047
10048
10049
10050
10051
10052
10053
10054
10055
10056
10057
10058
10059
10060
10061
10062
10063
10064
10065
10066
10067
10068
10069
10070
10071
10072
10073
10074
10075
10076
10077
10078
10079
10080
10081
10082
10083
10084
10085
10086
10087
10088
10089
10090
10091
10092
10093
10094
10095
10096
10097
10098
10099
10100
10101
10102
10103
10104
10105
10106
10107
10108
10109
10110
10111
10112
10113
10114
10115
10116
10117
10118
10119
10120
10121
10122
10123
10124
10125
10126
10127
10128
10129
10130
10131
10132
10133
10134
10135
10136
10137
10138
10139
10140
10141
10142
10143
10144
10145
10146
10147
10148
10149
10150
10151
10152
10153
10154
10155
10156
10157
10158
10159
10160
10161
10162
10163
10164
10165
10166
10167
10168
10169
10170
10171
10172
10173
10174
10175
10176
10177
10178
10179
10180
10181
10182
10183
10184
10185
10186
10187
10188
10189
10190
10191
10192
10193
10194
10195
10196
10197
10198
10199
10200
10201
10202
10203
10204
10205
10206
10207
10208
10209
10210
10211
10212
10213
10214
10215
10216
10217
10218
10219
10220
10221
10222
10223
10224
10225
10226
10227
10228
10229
10230
10231
10232
10233
10234
10235
10236
10237
10238
10239
10240
10241
10242
10243
10244
10245
10246
10247
10248
10249
10250
10251
10252
10253
10254
10255
10256
10257
10258
10259
10260
10261
10262
10263
10264
10265
10266
10267
10268
10269
10270
10271
10272
10273
10274
10275
10276
10277
10278
10279
10280
10281
10282
10283
10284
10285
10286
10287
10288
10289
10290
10291
10292
10293
10294
10295
10296
10297
10298
10299
10300
10301
10302
10303
10304
10305
10306
10307
10308
10309
10310
10311
10312
10313
10314
10315
10316
10317
10318
10319
10320
10321
10322
10323
10324
10325
10326
10327
10328
10329
10330
10331
10332
10333
10334
10335
10336
10337
10338
10339
10340
10341
10342
10343
10344
10345
10346
10347
10348
10349
10350
10351
10352
10353
10354
10355
10356
10357
10358
10359
10360
10361
10362
10363
10364
10365
10366
10367
10368
10369
10370
10371
10372
10373
10374
10375
10376
10377
10378
10379
10380
10381
10382
10383
10384
10385
10386
10387
10388
10389
10390
10391
10392
10393
10394
10395
10396
10397
10398
10399
10400
10401
10402
10403
10404
10405
10406
10407
10408
10409
10410
10411
10412
10413
10414
10415
10416
10417
10418
10419
10420
10421
10422
10423
10424
10425
10426
10427
10428
10429
10430
10431
10432
10433
10434
10435
10436
10437
10438
10439
10440
10441
10442
10443
10444
10445
10446
10447
10448
10449
10450
10451
10452
10453
10454
10455
10456
10457
10458
10459
10460
10461
10462
10463
10464
10465
10466
10467
10468
10469
10470
10471
10472
10473
10474
10475
10476
10477
10478
10479
10480
10481
10482
10483
10484
10485
10486
10487
10488
10489
10490
10491
10492
10493
10494
10495
10496
10497
10498
10499
10500
10501
10502
10503
10504
10505
10506
10507
10508
10509
10510
10511
10512
10513
10514
10515
10516
10517
10518
10519
10520
10521
10522
10523
10524
10525
10526
10527
10528
10529
10530
10531
10532
10533
10534
10535
10536
10537
10538
10539
10540
10541
10542
10543
10544
10545
10546
10547
10548
10549
10550
10551
10552
10553
10554
10555
10556
10557
10558
10559
10560
10561
10562
10563
10564
10565
10566
10567
10568
10569
10570
10571
10572
10573
10574
10575
10576
10577
10578
10579
10580
10581
10582
10583
10584
10585
10586
10587
10588
10589
10590
10591
10592
10593
10594
10595
10596
10597
10598
10599
10600
10601
10602
10603
10604
10605
10606
10607
10608
10609
10610
10611
10612
10613
10614
10615
10616
10617
10618
10619
10620
10621
10622
10623
10624
10625
10626
10627
10628
10629
10630
10631
10632
10633
10634
10635
10636
10637
10638
10639
10640
10641
10642
10643
10644
10645
10646
10647
10648
10649
10650
10651
10652
10653
10654
10655
10656
10657
10658
10659
10660
10661
10662
10663
10664
10665
10666
10667
10668
10669
10670
10671
10672
10673
10674
10675
10676
10677
10678
10679
10680
10681
10682
10683
10684
10685
10686
10687
10688
10689
10690
10691
10692
10693
10694
10695
10696
10697
10698
10699
10700
10701
10702
10703
10704
10705
10706
10707
10708
10709
10710
10711
10712
10713
10714
10715
10716
10717
10718
10719
10720
10721
10722
10723
10724
10725
10726
10727
10728
10729
10730
10731
10732
10733
10734
10735
10736
10737
10738
10739
10740
10741
10742
10743
10744
10745
10746
10747
10748
10749
10750
10751
10752
10753
10754
10755
10756
10757
10758
10759
10760
10761
10762
10763
10764
10765
10766
10767
10768
10769
10770
10771
10772
10773
10774
10775
10776
10777
10778
10779
10780
10781
10782
10783
10784
10785
10786
10787
10788
10789
10790
10791
10792
10793
10794
10795
10796
10797
10798
10799
10800
10801
10802
10803
10804
10805
10806
10807
10808
10809
10810
10811
10812
10813
10814
10815
10816
10817
10818
10819
10820
10821
10822
10823
10824
10825
10826
10827
10828
10829
10830
10831
10832
10833
10834
10835
10836
10837
10838
10839
10840
10841
10842
10843
10844
10845
10846
10847
10848
10849
10850
10851
10852
10853
10854
10855
10856
10857
10858
10859
10860
10861
10862
10863
10864
10865
10866
10867
10868
10869
10870
10871
10872
10873
10874
10875
10876
10877
10878
10879
10880
10881
10882
10883
10884
10885
10886
10887
10888
10889
10890
10891
10892
10893
10894
10895
10896
10897
10898
10899
10900
10901
10902
10903
10904
10905
10906
10907
10908
10909
10910
10911
10912
10913
10914
10915
10916
10917
10918
10919
10920
10921
10922
10923
10924
10925
10926
10927
10928
10929
10930
10931
10932
10933
10934
10935
10936
10937
10938
10939
10940
10941
10942
10943
10944
10945
10946
10947
10948
10949
10950
10951
10952
10953
10954
10955
10956
10957
10958
10959
10960
10961
10962
10963
10964
10965
10966
10967
10968
10969
10970
10971
10972
10973
10974
10975
10976
10977
10978
10979
10980
10981
10982
10983
10984
10985
10986
10987
10988
10989
10990
10991
10992
10993
10994
10995
10996
10997
10998
10999
