1110
1120
1130
1101
1102
1103
1100
1105
1106
1107
1108
1109
1150
1160
1170
1180
1190
1210
1220
1230
1201
1202
1203
1200
1205
1206
1207
1208
1209
1250
1260
1270
1280
1290
1310
1320
1330
1301
1302
1303
1300
1305
1306
1307
1308
1309
1350
1360
1370
1380
1390
1011
1012
1013
1010
1015
1016
1017
1018
1019
1021
1022
1023
1020
1025
1026
1027
1028
1029
1031
1032
1033
1030
1035
1036
1037
1038
1039
1001
1002
1003
1000
1005
1006
1007
1008
1009
1051
1052
1053
1050
1055
1056
1057
1058
1059
1061
1062
1063
1060
1065
1066
1067
1068
1069
1071
1072
1073
1070
1075
1076
1077
1078
1079
1081
1082
1083
1080
1085
1086
1087
1088
1089
1091
1092
1093
1090
1095
1096
1097
1098
1099
1510
1520
1530
1501
1502
1503
1500
1505
1506
1507
1508
1509
1550
1560
1570
1580
1590
1610
1620
1630
1601
1602
1603
1600
1605
1606
1607
1608
1609
1650
1660
1670
1680
1690
1710
1720
1730
1701
1702
1703
1700
1705
1706
1707
1708
1709
1750
1760
1770
1780
1790
1810
1820
1830
1801
1802
1803
1800
1805
1806
1807
1808
1809
1850
1860
1870
1880
1890
1910
1920
1930
1901
1902
1903
1900
1905
1906
1907
1908
1909
1950
1960
1970
1980
1990
2110
2120
2130
2101
2102
2103
2100
2105
2106
2107
2108
2109
2150
2160
2170
2180
2190
2210
2220
2230
2201
2202
2203
2200
2205
2206
2207
2208
2209
2250
2260
2270
2280
2290
2310
2320
2330
2301
2302
2303
2300
2305
2306
2307
2308
2309
2350
2360
2370
2380
2390
2011
2012
2013
2010
2015
2016
2017
2018
2019
2021
2022
2023
2020
2025
2026
2027
2028
2029
2031
2032
2033
2030
2035
2036
2037
2038
2039
2001
2002
2003
2000
2005
2006
2007
2008
2009
2051
2052
2053
2050
2055
2056
2057
2058
2059
2061
2062
2063
2060
2065
2066
2067
2068
2069
2071
2072
2073
2070
2075
2076
2077
2078
2079
2081
2082
2083
2080
2085
2086
2087
2088
2089
2091
2092
2093
2090
2095
2096
2097
2098
2099
2510
2520
2530
2501
2502
2503
2500
2505
2506
2507
2508
2509
2550
2560
2570
2580
2590
2610
2620
2630
2601
2602
2603
2600
2605
2606
2607
2608
2609
2650
2660
2670
2680
2690
2710
2720
2730
2701
2702
2703
2700
2705
2706
2707
2708
2709
2750
2760
2770
2780
2790
2810
2820
2830
2801
2802
2803
2800
2805
2806
2807
2808
2809
2850
2860
2870
2880
2890
2910
2920
2930
2901
2902
2903
2900
2905
2906
2907
2908
2909
2950
2960
2970
2980
2990
3110
3120
3130
3101
3102
3103
3100
3105
3106
3107
3108
3109
3150
3160
3170
3180
3190
3210
3220
3230
3201
3202
3203
3200
3205
3206
3207
3208
3209
3250
3260
3270
3280
3290
3310
3320
3330
3301
3302
3303
3300
3305
3306
3307
3308
3309
3350
3360
3370
3380
3390
3011
3012
3013
3010
3015
3016
3017
3018
3019
3021
3022
3023
3020
3025
3026
3027
3028
3029
3031
3032
3033
3030
3035
3036
3037
3038
3039
3001
3002
3003
3000
3005
3006
3007
3008
3009
3051
3052
3053
3050
3055
3056
3057
3058
3059
3061
3062
3063
3060
3065
3066
3067
3068
3069
3071
3072
3073
3070
3075
3076
3077
3078
3079
3081
3082
3083
3080
3085
3086
3087
3088
3089
3091
3092
3093
3090
3095
3096
3097
3098
3099
3510
3520
3530
3501
3502
3503
3500
3505
3506
3507
3508
3509
3550
3560
3570
3580
3590
3610
3620
3630
3601
3602
3603
3600
3605
3606
3607
3608
3609
3650
3660
3670
3680
3690
3710
3720
3730
3701
3702
3703
3700
3705
3706
3707
3708
3709
3750
3760
3770
3780
3790
3810
3820
3830
3801
3802
3803
3800
3805
3806
3807
3808
3809
3850
3860
3870
3880
3890
3910
3920
3930
3901
3902
3903
3900
3905
3906
3907
3908
3909
3950
3960
3970
3980
3990
110
120
130
101
102
103
100
105
106
107
108
109
150
160
170
180
190
210
220
230
201
202
203
200
205
206
207
208
209
250
260
270
280
290
310
320
330
301
302
303
300
305
306
307
308
309
350
360
370
380
390
10
20
30
0
50
60
70
80
90
510
520
530
501
502
503
500
505
506
507
508
509
550
560
570
580
590
610
620
630
601
602
603
600
605
606
607
608
609
650
660
670
680
690
710
720
730
701
702
703
700
705
706
707
708
709
750
760
770
780
790
810
820
830
801
802
803
800
805
806
807
808
809
850
860
870
880
890
910
920
930
901
902
903
900
905
906
907
908
909
950
960
970
980
990
5110
5120
5130
5101
5102
5103
5100
5105
5106
5107
5108
5109
5150
5160
5170
5180
5190
5210
5220
5230
5201
5202
5203
5200
5205
5206
5207
5208
5209
5250
5260
5270
5280
5290
5310
5320
5330
5301
5302
5303
5300
5305
5306
5307
5308
5309
5350
5360
5370
5380
5390
5011
5012
5013
5010
5015
5016
5017
5018
5019
5021
5022
5023
5020
5025
5026
5027
5028
5029
5031
5032
5033
5030
5035
5036
5037
5038
5039
5001
5002
5003
5000
5005
5006
5007
5008
5009
5051
5052
5053
5050
5055
5056
5057
5058
5059
5061
5062
5063
5060
5065
5066
5067
5068
5069
5071
5072
5073
5070
5075
5076
5077
5078
5079
5081
5082
5083
5080
5085
5086
5087
5088
5089
5091
5092
5093
5090
5095
5096
5097
5098
5099
5510
5520
5530
5501
5502
5503
5500
5505
5506
5507
5508
5509
5550
5560
5570
5580
5590
5610
5620
5630
5601
5602
5603
5600
5605
5606
5607
5608
5609
5650
5660
5670
5680
5690
5710
5720
5730
5701
5702
5703
5700
5705
5706
5707
5708
5709
5750
5760
5770
5780
5790
5810
5820
5830
5801
5802
5803
5800
5805
5806
5807
5808
5809
5850
5860
5870
5880
5890
5910
5920
5930
5901
5902
5903
5900
5905
5906
5907
5908
5909
5950
5960
5970
5980
5990
6110
6120
6130
6101
6102
6103
6100
6105
6106
6107
6108
6109
6150
6160
6170
6180
6190
6210
6220
6230
6201
6202
6203
6200
6205
6206
6207
6208
6209
6250
6260
6270
6280
6290
6310
6320
6330
6301
6302
6303
6300
6305
6306
6307
6308
6309
6350
6360
6370
6380
6390
6011
6012
6013
6010
6015
6016
6017
6018
6019
6021
6022
6023
6020
6025
6026
6027
6028
6029
6031
6032
6033
6030
6035
6036
6037
6038
6039
6001
6002
6003
6000
6005
6006
6007
6008
6009
6051
6052
6053
6050
6055
6056
6057
6058
6059
6061
6062
6063
6060
6065
6066
6067
6068
6069
6071
6072
6073
6070
6075
6076
6077
6078
6079
6081
6082
6083
6080
6085
6086
6087
6088
6089
6091
6092
6093
6090
6095
6096
6097
6098
6099
6510
6520
6530
6501
6502
6503
6500
6505
6506
6507
6508
6509
6550
6560
6570
6580
6590
6610
6620
6630
6601
6602
6603
6600
6605
6606
6607
6608
6609
6650
6660
6670
6680
6690
6710
6720
6730
6701
6702
6703
6700
6705
6706
6707
6708
6709
6750
6760
6770
6780
6790
6810
6820
6830
6801
6802
6803
6800
6805
6806
6807
6808
6809
6850
6860
6870
6880
6890
6910
6920
6930
6901
6902
6903
6900
6905
6906
6907
6908
6909
6950
6960
6970
6980
6990
7110
7120
7130
7101
7102
7103
7100
7105
7106
7107
7108
7109
7150
7160
7170
7180
7190
7210
7220
7230
7201
7202
7203
7200
7205
7206
7207
7208
7209
7250
7260
7270
7280
7290
7310
7320
7330
7301
7302
7303
7300
7305
7306
7307
7308
7309
7350
7360
7370
7380
7390
7011
7012
7013
7010
7015
7016
7017
7018
7019
7021
7022
7023
7020
7025
7026
7027
7028
7029
7031
7032
7033
7030
7035
7036
7037
7038
7039
7001
7002
7003
7000
7005
7006
7007
7008
7009
7051
7052
7053
7050
7055
7056
7057
7058
7059
7061
7062
7063
7060
7065
7066
7067
7068
7069
7071
7072
7073
7070
7075
7076
7077
7078
7079
7081
7082
7083
7080
7085
7086
7087
7088
7089
7091
7092
7093
7090
7095
7096
7097
7098
7099
7510
7520
7530
7501
7502
7503
7500
7505
7506
7507
7508
7509
7550
7560
7570
7580
7590
7610
7620
7630
7601
7602
7603
7600
7605
7606
7607
7608
7609
7650
7660
7670
7680
7690
7710
7720
7730
7701
7702
7703
7700
7705
7706
7707
7708
7709
7750
7760
7770
7780
7790
7810
7820
7830
7801
7802
7803
7800
7805
7806
7807
7808
7809
7850
7860
7870
7880
7890
7910
7920
7930
7901
7902
7903
7900
7905
7906
7907
7908
7909
7950
7960
7970
7980
7990
8110
8120
8130
8101
8102
8103
8100
8105
8106
8107
8108
8109
8150
8160
8170
8180
8190
8210
8220
8230
8201
8202
8203
8200
8205
8206
8207
8208
8209
8250
8260
8270
8280
8290
8310
8320
8330
8301
8302
8303
8300
8305
8306
8307
8308
8309
8350
8360
8370
8380
8390
8011
8012
8013
8010
8015
8016
8017
8018
8019
8021
8022
8023
8020
8025
8026
8027
8028
8029
8031
8032
8033
8030
8035
8036
8037
8038
8039
8001
8002
8003
8000
8005
8006
8007
8008
8009
8051
8052
8053
8050
8055
8056
8057
8058
8059
8061
8062
8063
8060
8065
8066
8067
8068
8069
8071
8072
8073
8070
8075
8076
8077
8078
8079
8081
8082
8083
8080
8085
8086
8087
8088
8089
8091
8092
8093
8090
8095
8096
8097
8098
8099
8510
8520
8530
8501
8502
8503
8500
8505
8506
8507
8508
8509
8550
8560
8570
8580
8590
8610
8620
8630
8601
8602
8603
8600
8605
8606
8607
8608
8609
8650
8660
8670
8680
8690
8710
8720
8730
8701
8702
8703
8700
8705
8706
8707
8708
8709
8750
8760
8770
8780
8790
8810
8820
8830
8801
8802
8803
8800
8805
8806
8807
8808
8809
8850
8860
8870
8880
8890
8910
8920
8930
8901
8902
8903
8900
8905
8906
8907
8908
8909
8950
8960
8970
8980
8990
9110
9120
9130
9101
9102
9103
9100
9105
9106
9107
9108
9109
9150
9160
9170
9180
9190
9210
9220
9230
9201
9202
9203
9200
9205
9206
9207
9208
9209
9250
9260
9270
9280
9290
9310
9320
9330
9301
9302
9303
9300
9305
9306
9307
9308
9309
9350
9360
9370
9380
9390
9011
9012
9013
9010
9015
9016
9017
9018
9019
9021
9022
9023
9020
9025
9026
9027
9028
9029
9031
9032
9033
9030
9035
9036
9037
9038
9039
9001
9002
9003
9000
9005
9006
9007
9008
9009
9051
9052
9053
9050
9055
9056
9057
9058
9059
9061
9062
9063
9060
9065
9066
9067
9068
9069
9071
9072
9073
9070
9075
9076
9077
9078
9079
9081
9082
9083
9080
9085
9086
9087
9088
9089
9091
9092
9093
9090
9095
9096
9097
9098
9099
9510
9520
9530
9501
9502
9503
9500
9505
9506
9507
9508
9509
9550
9560
9570
9580
9590
9610
9620
9630
9601
9602
9603
9600
9605
9606
9607
9608
9609
9650
9660
9670
9680
9690
9710
9720
9730
9701
9702
9703
9700
9705
9706
9707
9708
9709
9750
9760
9770
9780
9790
9810
9820
9830
9801
9802
9803
9800
9805
9806
9807
9808
9809
9850
9860
9870
9880
9890
9910
9920
9930
9901
9902
9903
9900
9905
9906
9907
9908
9909
9950
9960
9970
9980
9990
