0000
0001
0002
0003
0005
0006
0007
0008
0009
0010
0011
0012
0013
0015
0016
0017
0018
0019
0020
0021
0022
0023
0025
0026
0027
0028
0029
0030
0031
0032
0033
0035
0036
0037
0038
0039
0050
0051
0052
0053
0055
0056
0057
0058
0059
0060
0061
0062
0063
0065
0066
0067
0068
0069
0070
0071
0072
0073
0075
0076
0077
0078
0079
0080
0081
0082
0083
0085
0086
0087
0088
0089
0090
0091
0092
0093
0095
0096
0097
0098
0099
0100
0101
0102
0103
0105
0106
0107
0108
0109
0110
0111
0112
0113
0115
0116
0117
0118
0119
0120
0121
0122
0123
0125
0126
0127
0128
0129
0130
0131
0132
0133
0135
0136
0137
0138
0139
0150
0151
0152
0153
0155
0156
0157
0158
0159
0160
0161
0162
0163
0165
0166
0167
0168
0169
0170
0171
0172
0173
0175
0176
0177
0178
0179
0180
0181
0182
0183
0185
0186
0187
0188
0189
0190
0191
0192
0193
0195
0196
0197
0198
0199
0200
0201
0202
0203
0205
0206
0207
0208
0209
0210
0211
0212
0213
0215
0216
0217
0218
0219
0220
0221
0222
0223
0225
0226
0227
0228
0229
0230
0231
0232
0233
0235
0236
0237
0238
0239
0250
0251
0252
0253
0255
0256
0257
0258
0259
0260
0261
0262
0263
0265
0266
0267
0268
0269
0270
0271
0272
0273
0275
0276
0277
0278
0279
0280
0281
0282
0283
0285
0286
0287
0288
0289
0290
0291
0292
0293
0295
0296
0297
0298
0299
0300
0301
0302
0303
0305
0306
0307
0308
0309
0310
0311
0312
0313
0315
0316
0317
0318
0319
0320
0321
0322
0323
0325
0326
0327
0328
0329
0330
0331
0332
0333
0335
0336
0337
0338
0339
0350
0351
0352
0353
0355
0356
0357
0358
0359
0360
0361
0362
0363
0365
0366
0367
0368
0369
0370
0371
0372
0373
0375
0376
0377
0378
0379
0380
0381
0382
0383
0385
0386
0387
0388
0389
0390
0391
0392
0393
0395
0396
0397
0398
0399
0500
0501
0502
0503
0505
0506
0507
0508
0509
0510
0511
0512
0513
0515
0516
0517
0518
0519
0520
0521
0522
0523
0525
0526
0527
0528
0529
0530
0531
0532
0533
0535
0536
0537
0538
0539
0550
0551
0552
0553
0555
0556
0557
0558
0559
0560
0561
0562
0563
0565
0566
0567
0568
0569
0570
0571
0572
0573
0575
0576
0577
0578
0579
0580
0581
0582
0583
0585
0586
0587
0588
0589
0590
0591
0592
0593
0595
0596
0597
0598
0599
0600
0601
0602
0603
0605
0606
0607
0608
0609
0610
0611
0612
0613
0615
0616
0617
0618
0619
0620
0621
0622
0623
0625
0626
0627
0628
0629
0630
0631
0632
0633
0635
0636
0637
0638
0639
0650
0651
0652
0653
0655
0656
0657
0658
0659
0660
0661
0662
0663
0665
0666
0667
0668
0669
0670
0671
0672
0673
0675
0676
0677
0678
0679
0680
0681
0682
0683
0685
0686
0687
0688
0689
0690
0691
0692
0693
0695
0696
0697
0698
0699
0700
0701
0702
0703
0705
0706
0707
0708
0709
0710
0711
0712
0713
0715
0716
0717
0718
0719
0720
0721
0722
0723
0725
0726
0727
0728
0729
0730
0731
0732
0733
0735
0736
0737
0738
0739
0750
0751
0752
0753
0755
0756
0757
0758
0759
0760
0761
0762
0763
0765
0766
0767
0768
0769
0770
0771
0772
0773
0775
0776
0777
0778
0779
0780
0781
0782
0783
0785
0786
0787
0788
0789
0790
0791
0792
0793
0795
0796
0797
0798
0799
0800
0801
0802
0803
0805
0806
0807
0808
0809
0810
0811
0812
0813
0815
0816
0817
0818
0819
0820
0821
0822
0823
0825
0826
0827
0828
0829
0830
0831
0832
0833
0835
0836
0837
0838
0839
0850
0851
0852
0853
0855
0856
0857
0858
0859
0860
0861
0862
0863
0865
0866
0867
0868
0869
0870
0871
0872
0873
0875
0876
0877
0878
0879
0880
0881
0882
0883
0885
0886
0887
0888
0889
0890
0891
0892
0893
0895
0896
0897
0898
0899
0900
0901
0902
0903
0905
0906
0907
0908
0909
0910
0911
0912
0913
0915
0916
0917
0918
0919
0920
0921
0922
0923
0925
0926
0927
0928
0929
0930
0931
0932
0933
0935
0936
0937
0938
0939
0950
0951
0952
0953
0955
0956
0957
0958
0959
0960
0961
0962
0963
0965
0966
0967
0968
0969
0970
0971
0972
0973
0975
0976
0977
0978
0979
0980
0981
0982
0983
0985
0986
0987
0988
0989
0990
0991
0992
0993
0995
0996
0997
0998
0999
1000
1001
1002
1003
1005
1006
1007
1008
1009
1010
1011
1012
1013
1015
1016
1017
1018
1019
1020
1021
1022
1023
1025
1026
1027
1028
1029
1030
1031
1032
1033
1035
1036
1037
1038
1039
1050
1051
1052
1053
1055
1056
1057
1058
1059
1060
1061
1062
1063
1065
1066
1067
1068
1069
1070
1071
1072
1073
1075
1076
1077
1078
1079
1080
1081
1082
1083
1085
1086
1087
1088
1089
1090
1091
1092
1093
1095
1096
1097
1098
1099
1100
1101
1102
1103
1105
1106
1107
1108
1109
1110
1120
1130
1150
1160
1170
1180
1190
1200
1201
1202
1203
1205
1206
1207
1208
1209
1210
1220
1230
1250
1260
1270
1280
1290
1300
1301
1302
1303
1305
1306
1307
1308
1309
1310
1320
1330
1350
1360
1370
1380
1390
1500
1501
1502
1503
1505
1506
1507
1508
1509
1510
1520
1530
1550
1560
1570
1580
1590
1600
1601
1602
1603
1605
1606
1607
1608
1609
1610
1620
1630
1650
1660
1670
1680
1690
1700
1701
1702
1703
1705
1706
1707
1708
1709
1710
1720
1730
1750
1760
1770
1780
1790
1800
1801
1802
1803
1805
1806
1807
1808
1809
1810
1820
1830
1850
1860
1870
1880
1890
1900
1901
1902
1903
1905
1906
1907
1908
1909
1910
1920
1930
1950
1960
1970
1980
1990
2000
2001
2002
2003
2005
2006
2007
2008
2009
2010
2011
2012
2013
2015
2016
2017
2018
2019
2020
2021
2022
2023
2025
2026
2027
2028
2029
2030
2031
2032
2033
2035
2036
2037
2038
2039
2050
2051
2052
2053
2055
2056
2057
2058
2059
2060
2061
2062
2063
2065
2066
2067
2068
2069
2070
2071
2072
2073
2075
2076
2077
2078
2079
2080
2081
2082
2083
2085
2086
2087
2088
2089
2090
2091
2092
2093
2095
2096
2097
2098
2099
2100
2101
2102
2103
2105
2106
2107
2108
2109
2110
2120
2130
2150
2160
2170
2180
2190
2200
2201
2202
2203
2205
2206
2207
2208
2209
2210
2220
2230
2250
2260
2270
2280
2290
2300
2301
2302
2303
2305
2306
2307
2308
2309
2310
2320
2330
2350
2360
2370
2380
2390
2500
2501
2502
2503
2505
2506
2507
2508
2509
2510
2520
2530
2550
2560
2570
2580
2590
2600
2601
2602
2603
2605
2606
2607
2608
2609
2610
2620
2630
2650
2660
2670
2680
2690
2700
2701
2702
2703
2705
2706
2707
2708
2709
2710
2720
2730
2750
2760
2770
2780
2790
2800
2801
2802
2803
2805
2806
2807
2808
2809
2810
2820
2830
2850
2860
2870
2880
2890
2900
2901
2902
2903
2905
2906
2907
2908
2909
2910
2920
2930
2950
2960
2970
2980
2990
3000
3001
3002
3003
3005
3006
3007
3008
3009
3010
3011
3012
3013
3015
3016
3017
3018
3019
3020
3021
3022
3023
3025
3026
3027
3028
3029
3030
3031
3032
3033
3035
3036
3037
3038
3039
3050
3051
3052
3053
3055
3056
3057
3058
3059
3060
3061
3062
3063
3065
3066
3067
3068
3069
3070
3071
3072
3073
3075
3076
3077
3078
3079
3080
3081
3082
3083
3085
3086
3087
3088
3089
3090
3091
3092
3093
3095
3096
3097
3098
3099
3100
3101
3102
3103
3105
3106
3107
3108
3109
3110
3120
3130
3150
3160
3170
3180
3190
3200
3201
3202
3203
3205
3206
3207
3208
3209
3210
3220
3230
3250
3260
3270
3280
3290
3300
3301
3302
3303
3305
3306
3307
3308
3309
3310
3320
3330
3350
3360
3370
3380
3390
3500
3501
3502
3503
3505
3506
3507
3508
3509
3510
3520
3530
3550
3560
3570
3580
3590
3600
3601
3602
3603
3605
3606
3607
3608
3609
3610
3620
3630
3650
3660
3670
3680
3690
3700
3701
3702
3703
3705
3706
3707
3708
3709
3710
3720
3730
3750
3760
3770
3780
3790
3800
3801
3802
3803
3805
3806
3807
3808
3809
3810
3820
3830
3850
3860
3870
3880
3890
3900
3901
3902
3903
3905
3906
3907
3908
3909
3910
3920
3930
3950
3960
3970
3980
3990
5000
5001
5002
5003
5005
5006
5007
5008
5009
5010
5011
5012
5013
5015
5016
5017
5018
5019
5020
5021
5022
5023
5025
5026
5027
5028
5029
5030
5031
5032
5033
5035
5036
5037
5038
5039
5050
5051
5052
5053
5055
5056
5057
5058
5059
5060
5061
5062
5063
5065
5066
5067
5068
5069
5070
5071
5072
5073
5075
5076
5077
5078
5079
5080
5081
5082
5083
5085
5086
5087
5088
5089
5090
5091
5092
5093
5095
5096
5097
5098
5099
5100
5101
5102
5103
5105
5106
5107
5108
5109
5110
5120
5130
5150
5160
5170
5180
5190
5200
5201
5202
5203
5205
5206
5207
5208
5209
5210
5220
5230
5250
5260
5270
5280
5290
5300
5301
5302
5303
5305
5306
5307
5308
5309
5310
5320
5330
5350
5360
5370
5380
5390
5500
5501
5502
5503
5505
5506
5507
5508
5509
5510
5520
5530
5550
5560
5570
5580
5590
5600
5601
5602
5603
5605
5606
5607
5608
5609
5610
5620
5630
5650
5660
5670
5680
5690
5700
5701
5702
5703
5705
5706
5707
5708
5709
5710
5720
5730
5750
5760
5770
5780
5790
5800
5801
5802
5803
5805
5806
5807
5808
5809
5810
5820
5830
5850
5860
5870
5880
5890
5900
5901
5902
5903
5905
5906
5907
5908
5909
5910
5920
5930
5950
5960
5970
5980
5990
6000
6001
6002
6003
6005
6006
6007
6008
6009
6010
6011
6012
6013
6015
6016
6017
6018
6019
6020
6021
6022
6023
6025
6026
6027
6028
6029
6030
6031
6032
6033
6035
6036
6037
6038
6039
6050
6051
6052
6053
6055
6056
6057
6058
6059
6060
6061
6062
6063
6065
6066
6067
6068
6069
6070
6071
6072
6073
6075
6076
6077
6078
6079
6080
6081
6082
6083
6085
6086
6087
6088
6089
6090
6091
6092
6093
6095
6096
6097
6098
6099
6100
6101
6102
6103
6105
6106
6107
6108
6109
6110
6120
6130
6150
6160
6170
6180
6190
6200
6201
6202
6203
6205
6206
6207
6208
6209
6210
6220
6230
6250
6260
6270
6280
6290
6300
6301
6302
6303
6305
6306
6307
6308
6309
6310
6320
6330
6350
6360
6370
6380
6390
6500
6501
6502
6503
6505
6506
6507
6508
6509
6510
6520
6530
6550
6560
6570
6580
6590
6600
6601
6602
6603
6605
6606
6607
6608
6609
6610
6620
6630
6650
6660
6670
6680
6690
6700
6701
6702
6703
6705
6706
6707
6708
6709
6710
6720
6730
6750
6760
6770
6780
6790
6800
6801
6802
6803
6805
6806
6807
6808
6809
6810
6820
6830
6850
6860
6870
6880
6890
6900
6901
6902
6903
6905
6906
6907
6908
6909
6910
6920
6930
6950
6960
6970
6980
6990
7000
7001
7002
7003
7005
7006
7007
7008
7009
7010
7011
7012
7013
7015
7016
7017
7018
7019
7020
7021
7022
7023
7025
7026
7027
7028
7029
7030
7031
7032
7033
7035
7036
7037
7038
7039
7050
7051
7052
7053
7055
7056
7057
7058
7059
7060
7061
7062
7063
7065
7066
7067
7068
7069
7070
7071
7072
7073
7075
7076
7077
7078
7079
7080
7081
7082
7083
7085
7086
7087
7088
7089
7090
7091
7092
7093
7095
7096
7097
7098
7099
7100
7101
7102
7103
7105
7106
7107
7108
7109
7110
7120
7130
7150
7160
7170
7180
7190
7200
7201
7202
7203
7205
7206
7207
7208
7209
7210
7220
7230
7250
7260
7270
7280
7290
7300
7301
7302
7303
7305
7306
7307
7308
7309
7310
7320
7330
7350
7360
7370
7380
7390
7500
7501
7502
7503
7505
7506
7507
7508
7509
7510
7520
7530
7550
7560
7570
7580
7590
7600
7601
7602
7603
7605
7606
7607
7608
7609
7610
7620
7630
7650
7660
7670
7680
7690
7700
7701
7702
7703
7705
7706
7707
7708
7709
7710
7720
7730
7750
7760
7770
7780
7790
7800
7801
7802
7803
7805
7806
7807
7808
7809
7810
7820
7830
7850
7860
7870
7880
7890
7900
7901
7902
7903
7905
7906
7907
7908
7909
7910
7920
7930
7950
7960
7970
7980
7990
8000
8001
8002
8003
8005
8006
8007
8008
8009
8010
8011
8012
8013
8015
8016
8017
8018
8019
8020
8021
8022
8023
8025
8026
8027
8028
8029
8030
8031
8032
8033
8035
8036
8037
8038
8039
8050
8051
8052
8053
8055
8056
8057
8058
8059
8060
8061
8062
8063
8065
8066
8067
8068
8069
8070
8071
8072
8073
8075
8076
8077
8078
8079
8080
8081
8082
8083
8085
8086
8087
8088
8089
8090
8091
8092
8093
8095
8096
8097
8098
8099
8100
8101
8102
8103
8105
8106
8107
8108
8109
8110
8120
8130
8150
8160
8170
8180
8190
8200
8201
8202
8203
8205
8206
8207
8208
8209
8210
8220
8230
8250
8260
8270
8280
8290
8300
8301
8302
8303
8305
8306
8307
8308
8309
8310
8320
8330
8350
8360
8370
8380
8390
8500
8501
8502
8503
8505
8506
8507
8508
8509
8510
8520
8530
8550
8560
8570
8580
8590
8600
8601
8602
8603
8605
8606
8607
8608
8609
8610
8620
8630
8650
8660
8670
8680
8690
8700
8701
8702
8703
8705
8706
8707
8708
8709
8710
8720
8730
8750
8760
8770
8780
8790
8800
8801
8802
8803
8805
8806
8807
8808
8809
8810
8820
8830
8850
8860
8870
8880
8890
8900
8901
8902
8903
8905
8906
8907
8908
8909
8910
8920
8930
8950
8960
8970
8980
8990
9000
9001
9002
9003
9005
9006
9007
9008
9009
9010
9011
9012
9013
9015
9016
9017
9018
9019
9020
9021
9022
9023
9025
9026
9027
9028
9029
9030
9031
9032
9033
9035
9036
9037
9038
9039
9050
9051
9052
9053
9055
9056
9057
9058
9059
9060
9061
9062
9063
9065
9066
9067
9068
9069
9070
9071
9072
9073
9075
9076
9077
9078
9079
9080
9081
9082
9083
9085
9086
9087
9088
9089
9090
9091
9092
9093
9095
9096
9097
9098
9099
9100
9101
9102
9103
9105
9106
9107
9108
9109
9110
9120
9130
9150
9160
9170
9180
9190
9200
9201
9202
9203
9205
9206
9207
9208
9209
9210
9220
9230
9250
9260
9270
9280
9290
9300
9301
9302
9303
9305
9306
9307
9308
9309
9310
9320
9330
9350
9360
9370
9380
9390
9500
9501
9502
9503
9505
9506
9507
9508
9509
9510
9520
9530
9550
9560
9570
9580
9590
9600
9601
9602
9603
9605
9606
9607
9608
9609
9610
9620
9630
9650
9660
9670
9680
9690
9700
9701
9702
9703
9705
9706
9707
9708
9709
9710
9720
9730
9750
9760
9770
9780
9790
9800
9801
9802
9803
9805
9806
9807
9808
9809
9810
9820
9830
9850
9860
9870
9880
9890
9900
9901
9902
9903
9905
9906
9907
9908
9909
9910
9920
9930
9950
9960
9970
9980
9990
