0004
0014
0024
0034
0040
0041
0042
0043
0044
0045
0046
0047
0048
0049
0054
0064
0074
0084
0094
0104
0114
0124
0134
0140
0141
0142
0143
0144
0145
0146
0147
0148
0149
0154
0164
0174
0184
0194
0204
0214
0224
0234
0240
0241
0242
0243
0244
0245
0246
0247
0248
0249
0254
0264
0274
0284
0294
0304
0314
0324
0334
0340
0341
0342
0343
0344
0345
0346
0347
0348
0349
0354
0364
0374
0384
0394
0400
0401
0402
0403
0404
0405
0406
0407
0408
0409
0410
0411
0412
0413
0414
0415
0416
0417
0418
0419
0420
0421
0422
0423
0424
0425
0426
0427
0428
0429
0430
0431
0432
0433
0434
0435
0436
0437
0438
0439
0440
0441
0442
0443
0444
0445
0446
0447
0448
0449
0450
0451
0452
0453
0454
0455
0456
0457
0458
0459
0460
0461
0462
0463
0464
0465
0466
0467
0468
0469
0470
0471
0472
0473
0474
0475
0476
0477
0478
0479
0480
0481
0482
0483
0484
0485
0486
0487
0488
0489
0490
0491
0492
0493
0494
0495
0496
0497
0498
0499
0504
0514
0524
0534
0540
0541
0542
0543
0544
0545
0546
0547
0548
0549
0554
0564
0574
0584
0594
0604
0614
0624
0634
0640
0641
0642
0643
0644
0645
0646
0647
0648
0649
0654
0664
0674
0684
0694
0704
0714
0724
0734
0740
0741
0742
0743
0744
0745
0746
0747
0748
0749
0754
0764
0774
0784
0794
0804
0814
0824
0834
0840
0841
0842
0843
0844
0845
0846
0847
0848
0849
0854
0864
0874
0884
0894
0904
0914
0924
0934
0940
0941
0942
0943
0944
0945
0946
0947
0948
0949
0954
0964
0974
0984
0994
1004
1014
1024
1034
1040
1041
1042
1043
1044
1045
1046
1047
1048
1049
1054
1064
1074
1084
1094
1104
1114
1124
1134
1140
1141
1142
1143
1144
1145
1146
1147
1148
1149
1154
1164
1174
1184
1194
1204
1214
1224
1234
1240
1241
1242
1243
1244
1245
1246
1247
1248
1249
1254
1264
1274
1284
1294
1304
1314
1324
1334
1340
1341
1342
1343
1344
1345
1346
1347
1348
1349
1354
1364
1374
1384
1394
1400
1401
1402
1403
1404
1405
1406
1407
1408
1409
1410
1411
1412
1413
1414
1415
1416
1417
1418
1419
1420
1421
1422
1423
1424
1425
1426
1427
1428
1429
1430
1431
1432
1433
1434
1435
1436
1437
1438
1439
1440
1441
1442
1443
1444
1445
1446
1447
1448
1449
1450
1451
1452
1453
1454
1455
1456
1457
1458
1459
1460
1461
1462
1463
1464
1465
1466
1467
1468
1469
1470
1471
1472
1473
1474
1475
1476
1477
1478
1479
1480
1481
1482
1483
1484
1485
1486
1487
1488
1489
1490
1491
1492
1493
1494
1495
1496
1497
1498
1499
1504
1514
1524
1534
1540
1541
1542
1543
1544
1545
1546
1547
1548
1549
1554
1564
1574
1584
1594
1604
1614
1624
1634
1640
1641
1642
1643
1644
1645
1646
1647
1648
1649
1654
1664
1674
1684
1694
1704
1714
1724
1734
1740
1741
1742
1743
1744
1745
1746
1747
1748
1749
1754
1764
1774
1784
1794
1804
1814
1824
1834
1840
1841
1842
1843
1844
1845
1846
1847
1848
1849
1854
1864
1874
1884
1894
1904
1914
1924
1934
1940
1941
1942
1943
1944
1945
1946
1947
1948
1949
1954
1964
1974
1984
1994
2004
2014
2024
2034
2040
2041
2042
2043
2044
2045
2046
2047
2048
2049
2054
2064
2074
2084
2094
2104
2114
2124
2134
2140
2141
2142
2143
2144
2145
2146
2147
2148
2149
2154
2164
2174
2184
2194
2204
2214
2224
2234
2240
2241
2242
2243
2244
2245
2246
2247
2248
2249
2254
2264
2274
2284
2294
2304
2314
2324
2334
2340
2341
2342
2343
2344
2345
2346
2347
2348
2349
2354
2364
2374
2384
2394
2400
2401
2402
2403
2404
2405
2406
2407
2408
2409
2410
2411
2412
2413
2414
2415
2416
2417
2418
2419
2420
2421
2422
2423
2424
2425
2426
2427
2428
2429
2430
2431
2432
2433
2434
2435
2436
2437
2438
2439
2440
2441
2442
2443
2444
2445
2446
2447
2448
2449
2450
2451
2452
2453
2454
2455
2456
2457
2458
2459
2460
2461
2462
2463
2464
2465
2466
2467
2468
2469
2470
2471
2472
2473
2474
2475
2476
2477
2478
2479
2480
2481
2482
2483
2484
2485
2486
2487
2488
2489
2490
2491
2492
2493
2494
2495
2496
2497
2498
2499
2504
2514
2524
2534
2540
2541
2542
2543
2544
2545
2546
2547
2548
2549
2554
2564
2574
2584
2594
2604
2614
2624
2634
2640
2641
2642
2643
2644
2645
2646
2647
2648
2649
2654
2664
2674
2684
2694
2704
2714
2724
2734
2740
2741
2742
2743
2744
2745
2746
2747
2748
2749
2754
2764
2774
2784
2794
2804
2814
2824
2834
2840
2841
2842
2843
2844
2845
2846
2847
2848
2849
2854
2864
2874
2884
2894
2904
2914
2924
2934
2940
2941
2942
2943
2944
2945
2946
2947
2948
2949
2954
2964
2974
2984
2994
3004
3014
3024
3034
3040
3041
3042
3043
3044
3045
3046
3047
3048
3049
3054
3064
3074
3084
3094
3104
3114
3124
3134
3140
3141
3142
3143
3144
3145
3146
3147
3148
3149
3154
3164
3174
3184
3194
3204
3214
3224
3234
3240
3241
3242
3243
3244
3245
3246
3247
3248
3249
3254
3264
3274
3284
3294
3304
3314
3324
3334
3340
3341
3342
3343
3344
3345
3346
3347
3348
3349
3354
3364
3374
3384
3394
3400
3401
3402
3403
3404
3405
3406
3407
3408
3409
3410
3411
3412
3413
3414
3415
3416
3417
3418
3419
3420
3421
3422
3423
3424
3425
3426
3427
3428
3429
3430
3431
3432
3433
3434
3435
3436
3437
3438
3439
3440
3441
3442
3443
3444
3445
3446
3447
3448
3449
3450
3451
3452
3453
3454
3455
3456
3457
3458
3459
3460
3461
3462
3463
3464
3465
3466
3467
3468
3469
3470
3471
3472
3473
3474
3475
3476
3477
3478
3479
3480
3481
3482
3483
3484
3485
3486
3487
3488
3489
3490
3491
3492
3493
3494
3495
3496
3497
3498
3499
3504
3514
3524
3534
3540
3541
3542
3543
3544
3545
3546
3547
3548
3549
3554
3564
3574
3584
3594
3604
3614
3624
3634
3640
3641
3642
3643
3644
3645
3646
3647
3648
3649
3654
3664
3674
3684
3694
3704
3714
3724
3734
3740
3741
3742
3743
3744
3745
3746
3747
3748
3749
3754
3764
3774
3784
3794
3804
3814
3824
3834
3840
3841
3842
3843
3844
3845
3846
3847
3848
3849
3854
3864
3874
3884
3894
3904
3914
3924
3934
3940
3941
3942
3943
3944
3945
3946
3947
3948
3949
3954
3964
3974
3984
3994
4000
4001
4002
4003
4004
4005
4006
4007
4008
4009
4010
4011
4012
4013
4014
4015
4016
4017
4018
4019
4020
4021
4022
4023
4024
4025
4026
4027
4028
4029
4030
4031
4032
4033
4034
4035
4036
4037
4038
4039
4040
4041
4042
4043
4044
4045
4046
4047
4048
4049
4050
4051
4052
4053
4054
4055
4056
4057
4058
4059
4060
4061
4062
4063
4064
4065
4066
4067
4068
4069
4070
4071
4072
4073
4074
4075
4076
4077
4078
4079
4080
4081
4082
4083
4084
4085
4086
4087
4088
4089
4090
4091
4092
4093
4094
4095
4096
4097
4098
4099
4100
4101
4102
4103
4104
4105
4106
4107
4108
4109
4110
4111
4112
4113
4114
4115
4116
4117
4118
4119
4120
4121
4122
4123
4124
4125
4126
4127
4128
4129
4130
4131
4132
4133
4134
4135
4136
4137
4138
4139
4140
4141
4142
4143
4144
4145
4146
4147
4148
4149
4150
4151
4152
4153
4154
4155
4156
4157
4158
4159
4160
4161
4162
4163
4164
4165
4166
4167
4168
4169
4170
4171
4172
4173
4174
4175
4176
4177
4178
4179
4180
4181
4182
4183
4184
4185
4186
4187
4188
4189
4190
4191
4192
4193
4194
4195
4196
4197
4198
4199
4200
4201
4202
4203
4204
4205
4206
4207
4208
4209
4210
4211
4212
4213
4214
4215
4216
4217
4218
4219
4220
4221
4222
4223
4224
4225
4226
4227
4228
4229
4230
4231
4232
4233
4234
4235
4236
4237
4238
4239
4240
4241
4242
4243
4244
4245
4246
4247
4248
4249
4250
4251
4252
4253
4254
4255
4256
4257
4258
4259
4260
4261
4262
4263
4264
4265
4266
4267
4268
4269
4270
4271
4272
4273
4274
4275
4276
4277
4278
4279
4280
4281
4282
4283
4284
4285
4286
4287
4288
4289
4290
4291
4292
4293
4294
4295
4296
4297
4298
4299
4300
4301
4302
4303
4304
4305
4306
4307
4308
4309
4310
4311
4312
4313
4314
4315
4316
4317
4318
4319
4320
4321
4322
4323
4324
4325
4326
4327
4328
4329
4330
4331
4332
4333
4334
4335
4336
4337
4338
4339
4340
4341
4342
4343
4344
4345
4346
4347
4348
4349
4350
4351
4352
4353
4354
4355
4356
4357
4358
4359
4360
4361
4362
4363
4364
4365
4366
4367
4368
4369
4370
4371
4372
4373
4374
4375
4376
4377
4378
4379
4380
4381
4382
4383
4384
4385
4386
4387
4388
4389
4390
4391
4392
4393
4394
4395
4396
4397
4398
4399
4400
4401
4402
4403
4404
4405
4406
4407
4408
4409
4410
4411
4412
4413
4414
4415
4416
4417
4418
4419
4420
4421
4422
4423
4424
4425
4426
4427
4428
4429
4430
4431
4432
4433
4434
4435
4436
4437
4438
4439
4440
4441
4442
4443
4444
4445
4446
4447
4448
4449
4450
4451
4452
4453
4454
4455
4456
4457
4458
4459
4460
4461
4462
4463
4464
4465
4466
4467
4468
4469
4470
4471
4472
4473
4474
4475
4476
4477
4478
4479
4480
4481
4482
4483
4484
4485
4486
4487
4488
4489
4490
4491
4492
4493
4494
4495
4496
4497
4498
4499
4500
4501
4502
4503
4504
4505
4506
4507
4508
4509
4510
4511
4512
4513
4514
4515
4516
4517
4518
4519
4520
4521
4522
4523
4524
4525
4526
4527
4528
4529
4530
4531
4532
4533
4534
4535
4536
4537
4538
4539
4540
4541
4542
4543
4544
4545
4546
4547
4548
4549
4550
4551
4552
4553
4554
4555
4556
4557
4558
4559
4560
4561
4562
4563
4564
4565
4566
4567
4568
4569
4570
4571
4572
4573
4574
4575
4576
4577
4578
4579
4580
4581
4582
4583
4584
4585
4586
4587
4588
4589
4590
4591
4592
4593
4594
4595
4596
4597
4598
4599
4600
4601
4602
4603
4604
4605
4606
4607
4608
4609
4610
4611
4612
4613
4614
4615
4616
4617
4618
4619
4620
4621
4622
4623
4624
4625
4626
4627
4628
4629
4630
4631
4632
4633
4634
4635
4636
4637
4638
4639
4640
4641
4642
4643
4644
4645
4646
4647
4648
4649
4650
4651
4652
4653
4654
4655
4656
4657
4658
4659
4660
4661
4662
4663
4664
4665
4666
4667
4668
4669
4670
4671
4672
4673
4674
4675
4676
4677
4678
4679
4680
4681
4682
4683
4684
4685
4686
4687
4688
4689
4690
4691
4692
4693
4694
4695
4696
4697
4698
4699
4700
4701
4702
4703
4704
4705
4706
4707
4708
4709
4710
4711
4712
4713
4714
4715
4716
4717
4718
4719
4720
4721
4722
4723
4724
4725
4726
4727
4728
4729
4730
4731
4732
4733
4734
4735
4736
4737
4738
4739
4740
4741
4742
4743
4744
4745
4746
4747
4748
4749
4750
4751
4752
4753
4754
4755
4756
4757
4758
4759
4760
4761
4762
4763
4764
4765
4766
4767
4768
4769
4770
4771
4772
4773
4774
4775
4776
4777
4778
4779
4780
4781
4782
4783
4784
4785
4786
4787
4788
4789
4790
4791
4792
4793
4794
4795
4796
4797
4798
4799
4800
4801
4802
4803
4804
4805
4806
4807
4808
4809
4810
4811
4812
4813
4814
4815
4816
4817
4818
4819
4820
4821
4822
4823
4824
4825
4826
4827
4828
4829
4830
4831
4832
4833
4834
4835
4836
4837
4838
4839
4840
4841
4842
4843
4844
4845
4846
4847
4848
4849
4850
4851
4852
4853
4854
4855
4856
4857
4858
4859
4860
4861
4862
4863
4864
4865
4866
4867
4868
4869
4870
4871
4872
4873
4874
4875
4876
4877
4878
4879
4880
4881
4882
4883
4884
4885
4886
4887
4888
4889
4890
4891
4892
4893
4894
4895
4896
4897
4898
4899
4900
4901
4902
4903
4904
4905
4906
4907
4908
4909
4910
4911
4912
4913
4914
4915
4916
4917
4918
4919
4920
4921
4922
4923
4924
4925
4926
4927
4928
4929
4930
4931
4932
4933
4934
4935
4936
4937
4938
4939
4940
4941
4942
4943
4944
4945
4946
4947
4948
4949
4950
4951
4952
4953
4954
4955
4956
4957
4958
4959
4960
4961
4962
4963
4964
4965
4966
4967
4968
4969
4970
4971
4972
4973
4974
4975
4976
4977
4978
4979
4980
4981
4982
4983
4984
4985
4986
4987
4988
4989
4990
4991
4992
4993
4994
4995
4996
4997
4998
4999
5004
5014
5024
5034
5040
5041
5042
5043
5044
5045
5046
5047
5048
5049
5054
5064
5074
5084
5094
5104
5114
5124
5134
5140
5141
5142
5143
5144
5145
5146
5147
5148
5149
5154
5164
5174
5184
5194
5204
5214
5224
5234
5240
5241
5242
5243
5244
5245
5246
5247
5248
5249
5254
5264
5274
5284
5294
5304
5314
5324
5334
5340
5341
5342
5343
5344
5345
5346
5347
5348
5349
5354
5364
5374
5384
5394
5400
5401
5402
5403
5404
5405
5406
5407
5408
5409
5410
5411
5412
5413
5414
5415
5416
5417
5418
5419
5420
5421
5422
5423
5424
5425
5426
5427
5428
5429
5430
5431
5432
5433
5434
5435
5436
5437
5438
5439
5440
5441
5442
5443
5444
5445
5446
5447
5448
5449
5450
5451
5452
5453
5454
5455
5456
5457
5458
5459
5460
5461
5462
5463
5464
5465
5466
5467
5468
5469
5470
5471
5472
5473
5474
5475
5476
5477
5478
5479
5480
5481
5482
5483
5484
5485
5486
5487
5488
5489
5490
5491
5492
5493
5494
5495
5496
5497
5498
5499
5504
5514
5524
5534
5540
5541
5542
5543
5544
5545
5546
5547
5548
5549
5554
5564
5574
5584
5594
5604
5614
5624
5634
5640
5641
5642
5643
5644
5645
5646
5647
5648
5649
5654
5664
5674
5684
5694
5704
5714
5724
5734
5740
5741
5742
5743
5744
5745
5746
5747
5748
5749
5754
5764
5774
5784
5794
5804
5814
5824
5834
5840
5841
5842
5843
5844
5845
5846
5847
5848
5849
5854
5864
5874
5884
5894
5904
5914
5924
5934
5940
5941
5942
5943
5944
5945
5946
5947
5948
5949
5954
5964
5974
5984
5994
6004
6014
6024
6034
6040
6041
6042
6043
6044
6045
6046
6047
6048
6049
6054
6064
6074
6084
6094
6104
6114
6124
6134
6140
6141
6142
6143
6144
6145
6146
6147
6148
6149
6154
6164
6174
6184
6194
6204
6214
6224
6234
6240
6241
6242
6243
6244
6245
6246
6247
6248
6249
6254
6264
6274
6284
6294
6304
6314
6324
6334
6340
6341
6342
6343
6344
6345
6346
6347
6348
6349
6354
6364
6374
6384
6394
6400
6401
6402
6403
6404
6405
6406
6407
6408
6409
6410
6411
6412
6413
6414
6415
6416
6417
6418
6419
6420
6421
6422
6423
6424
6425
6426
6427
6428
6429
6430
6431
6432
6433
6434
6435
6436
6437
6438
6439
6440
6441
6442
6443
6444
6445
6446
6447
6448
6449
6450
6451
6452
6453
6454
6455
6456
6457
6458
6459
6460
6461
6462
6463
6464
6465
6466
6467
6468
6469
6470
6471
6472
6473
6474
6475
6476
6477
6478
6479
6480
6481
6482
6483
6484
6485
6486
6487
6488
6489
6490
6491
6492
6493
6494
6495
6496
6497
6498
6499
6504
6514
6524
6534
6540
6541
6542
6543
6544
6545
6546
6547
6548
6549
6554
6564
6574
6584
6594
6604
6614
6624
6634
6640
6641
6642
6643
6644
6645
6646
6647
6648
6649
6654
6664
6674
6684
6694
6704
6714
6724
6734
6740
6741
6742
6743
6744
6745
6746
6747
6748
6749
6754
6764
6774
6784
6794
6804
6814
6824
6834
6840
6841
6842
6843
6844
6845
6846
6847
6848
6849
6854
6864
6874
6884
6894
6904
6914
6924
6934
6940
6941
6942
6943
6944
6945
6946
6947
6948
6949
6954
6964
6974
6984
6994
7004
7014
7024
7034
7040
7041
7042
7043
7044
7045
7046
7047
7048
7049
7054
7064
7074
7084
7094
7104
7114
7124
7134
7140
7141
7142
7143
7144
7145
7146
7147
7148
7149
7154
7164
7174
7184
7194
7204
7214
7224
7234
7240
7241
7242
7243
7244
7245
7246
7247
7248
7249
7254
7264
7274
7284
7294
7304
7314
7324
7334
7340
7341
7342
7343
7344
7345
7346
7347
7348
7349
7354
7364
7374
7384
7394
7400
7401
7402
7403
7404
7405
7406
7407
7408
7409
7410
7411
7412
7413
7414
7415
7416
7417
7418
7419
7420
7421
7422
7423
7424
7425
7426
7427
7428
7429
7430
7431
7432
7433
7434
7435
7436
7437
7438
7439
7440
7441
7442
7443
7444
7445
7446
7447
7448
7449
7450
7451
7452
7453
7454
7455
7456
7457
7458
7459
7460
7461
7462
7463
7464
7465
7466
7467
7468
7469
7470
7471
7472
7473
7474
7475
7476
7477
7478
7479
7480
7481
7482
7483
7484
7485
7486
7487
7488
7489
7490
7491
7492
7493
7494
7495
7496
7497
7498
7499
7504
7514
7524
7534
7540
7541
7542
7543
7544
7545
7546
7547
7548
7549
7554
7564
7574
7584
7594
7604
7614
7624
7634
7640
7641
7642
7643
7644
7645
7646
7647
7648
7649
7654
7664
7674
7684
7694
7704
7714
7724
7734
7740
7741
7742
7743
7744
7745
7746
7747
7748
7749
7754
7764
7774
7784
7794
7804
7814
7824
7834
7840
7841
7842
7843
7844
7845
7846
7847
7848
7849
7854
7864
7874
7884
7894
7904
7914
7924
7934
7940
7941
7942
7943
7944
7945
7946
7947
7948
7949
7954
7964
7974
7984
7994
8004
8014
8024
8034
8040
8041
8042
8043
8044
8045
8046
8047
8048
8049
8054
8064
8074
8084
8094
8104
8114
8124
8134
8140
8141
8142
8143
8144
8145
8146
8147
8148
8149
8154
8164
8174
8184
8194
8204
8214
8224
8234
8240
8241
8242
8243
8244
8245
8246
8247
8248
8249
8254
8264
8274
8284
8294
8304
8314
8324
8334
8340
8341
8342
8343
8344
8345
8346
8347
8348
8349
8354
8364
8374
8384
8394
8400
8401
8402
8403
8404
8405
8406
8407
8408
8409
8410
8411
8412
8413
8414
8415
8416
8417
8418
8419
8420
8421
8422
8423
8424
8425
8426
8427
8428
8429
8430
8431
8432
8433
8434
8435
8436
8437
8438
8439
8440
8441
8442
8443
8444
8445
8446
8447
8448
8449
8450
8451
8452
8453
8454
8455
8456
8457
8458
8459
8460
8461
8462
8463
8464
8465
8466
8467
8468
8469
8470
8471
8472
8473
8474
8475
8476
8477
8478
8479
8480
8481
8482
8483
8484
8485
8486
8487
8488
8489
8490
8491
8492
8493
8494
8495
8496
8497
8498
8499
8504
8514
8524
8534
8540
8541
8542
8543
8544
8545
8546
8547
8548
8549
8554
8564
8574
8584
8594
8604
8614
8624
8634
8640
8641
8642
8643
8644
8645
8646
8647
8648
8649
8654
8664
8674
8684
8694
8704
8714
8724
8734
8740
8741
8742
8743
8744
8745
8746
8747
8748
8749
8754
8764
8774
8784
8794
8804
8814
8824
8834
8840
8841
8842
8843
8844
8845
8846
8847
8848
8849
8854
8864
8874
8884
8894
8904
8914
8924
8934
8940
8941
8942
8943
8944
8945
8946
8947
8948
8949
8954
8964
8974
8984
8994
9004
9014
9024
9034
9040
9041
9042
9043
9044
9045
9046
9047
9048
9049
9054
9064
9074
9084
9094
9104
9114
9124
9134
9140
9141
9142
9143
9144
9145
9146
9147
9148
9149
9154
9164
9174
9184
9194
9204
9214
9224
9234
9240
9241
9242
9243
9244
9245
9246
9247
9248
9249
9254
9264
9274
9284
9294
9304
9314
9324
9334
9340
9341
9342
9343
9344
9345
9346
9347
9348
9349
9354
9364
9374
9384
9394
9400
9401
9402
9403
9404
9405
9406
9407
9408
9409
9410
9411
9412
9413
9414
9415
9416
9417
9418
9419
9420
9421
9422
9423
9424
9425
9426
9427
9428
9429
9430
9431
9432
9433
9434
9435
9436
9437
9438
9439
9440
9441
9442
9443
9444
9445
9446
9447
9448
9449
9450
9451
9452
9453
9454
9455
9456
9457
9458
9459
9460
9461
9462
9463
9464
9465
9466
9467
9468
9469
9470
9471
9472
9473
9474
9475
9476
9477
9478
9479
9480
9481
9482
9483
9484
9485
9486
9487
9488
9489
9490
9491
9492
9493
9494
9495
9496
9497
9498
9499
9504
9514
9524
9534
9540
9541
9542
9543
9544
9545
9546
9547
9548
9549
9554
9564
9574
9584
9594
9604
9614
9624
9634
9640
9641
9642
9643
9644
9645
9646
9647
9648
9649
9654
9664
9674
9684
9694
9704
9714
9724
9734
9740
9741
9742
9743
9744
9745
9746
9747
9748
9749
9754
9764
9774
9784
9794
9804
9814
9824
9834
9840
9841
9842
9843
9844
9845
9846
9847
9848
9849
9854
9864
9874
9884
9894
9904
9914
9924
9934
9940
9941
9942
9943
9944
9945
9946
9947
9948
9949
9954
9964
9974
9984
9994
