1111
1112
1113
1115
1116
1117
1118
1119
1121
1122
1123
1125
1126
1127
1128
1129
1131
1132
1133
1135
1136
1137
1138
1139
1151
1152
1153
1155
1156
1157
1158
1159
1161
1162
1163
1165
1166
1167
1168
1169
1171
1172
1173
1175
1176
1177
1178
1179
1181
1182
1183
1185
1186
1187
1188
1189
1191
1192
1193
1195
1196
1197
1198
1199
1211
1212
1213
1215
1216
1217
1218
1219
1221
1222
1223
1225
1226
1227
1228
1229
1231
1232
1233
1235
1236
1237
1238
1239
1251
1252
1253
1255
1256
1257
1258
1259
1261
1262
1263
1265
1266
1267
1268
1269
1271
1272
1273
1275
1276
1277
1278
1279
1281
1282
1283
1285
1286
1287
1288
1289
1291
1292
1293
1295
1296
1297
1298
1299
1311
1312
1313
1315
1316
1317
1318
1319
1321
1322
1323
1325
1326
1327
1328
1329
1331
1332
1333
1335
1336
1337
1338
1339
1351
1352
1353
1355
1356
1357
1358
1359
1361
1362
1363
1365
1366
1367
1368
1369
1371
1372
1373
1375
1376
1377
1378
1379
1381
1382
1383
1385
1386
1387
1388
1389
1391
1392
1393
1395
1396
1397
1398
1399
1511
1512
1513
1515
1516
1517
1518
1519
1521
1522
1523
1525
1526
1527
1528
1529
1531
1532
1533
1535
1536
1537
1538
1539
1551
1552
1553
1555
1556
1557
1558
1559
1561
1562
1563
1565
1566
1567
1568
1569
1571
1572
1573
1575
1576
1577
1578
1579
1581
1582
1583
1585
1586
1587
1588
1589
1591
1592
1593
1595
1596
1597
1598
1599
1611
1612
1613
1615
1616
1617
1618
1619
1621
1622
1623
1625
1626
1627
1628
1629
1631
1632
1633
1635
1636
1637
1638
1639
1651
1652
1653
1655
1656
1657
1658
1659
1661
1662
1663
1665
1666
1667
1668
1669
1671
1672
1673
1675
1676
1677
1678
1679
1681
1682
1683
1685
1686
1687
1688
1689
1691
1692
1693
1695
1696
1697
1698
1699
1711
1712
1713
1715
1716
1717
1718
1719
1721
1722
1723
1725
1726
1727
1728
1729
1731
1732
1733
1735
1736
1737
1738
1739
1751
1752
1753
1755
1756
1757
1758
1759
1761
1762
1763
1765
1766
1767
1768
1769
1771
1772
1773
1775
1776
1777
1778
1779
1781
1782
1783
1785
1786
1787
1788
1789
1791
1792
1793
1795
1796
1797
1798
1799
1811
1812
1813
1815
1816
1817
1818
1819
1821
1822
1823
1825
1826
1827
1828
1829
1831
1832
1833
1835
1836
1837
1838
1839
1851
1852
1853
1855
1856
1857
1858
1859
1861
1862
1863
1865
1866
1867
1868
1869
1871
1872
1873
1875
1876
1877
1878
1879
1881
1882
1883
1885
1886
1887
1888
1889
1891
1892
1893
1895
1896
1897
1898
1899
1911
1912
1913
1915
1916
1917
1918
1919
1921
1922
1923
1925
1926
1927
1928
1929
1931
1932
1933
1935
1936
1937
1938
1939
1951
1952
1953
1955
1956
1957
1958
1959
1961
1962
1963
1965
1966
1967
1968
1969
1971
1972
1973
1975
1976
1977
1978
1979
1981
1982
1983
1985
1986
1987
1988
1989
1991
1992
1993
1995
1996
1997
1998
1999
2111
2112
2113
2115
2116
2117
2118
2119
2121
2122
2123
2125
2126
2127
2128
2129
2131
2132
2133
2135
2136
2137
2138
2139
2151
2152
2153
2155
2156
2157
2158
2159
2161
2162
2163
2165
2166
2167
2168
2169
2171
2172
2173
2175
2176
2177
2178
2179
2181
2182
2183
2185
2186
2187
2188
2189
2191
2192
2193
2195
2196
2197
2198
2199
2211
2212
2213
2215
2216
2217
2218
2219
2221
2222
2223
2225
2226
2227
2228
2229
2231
2232
2233
2235
2236
2237
2238
2239
2251
2252
2253
2255
2256
2257
2258
2259
2261
2262
2263
2265
2266
2267
2268
2269
2271
2272
2273
2275
2276
2277
2278
2279
2281
2282
2283
2285
2286
2287
2288
2289
2291
2292
2293
2295
2296
2297
2298
2299
2311
2312
2313
2315
2316
2317
2318
2319
2321
2322
2323
2325
2326
2327
2328
2329
2331
2332
2333
2335
2336
2337
2338
2339
2351
2352
2353
2355
2356
2357
2358
2359
2361
2362
2363
2365
2366
2367
2368
2369
2371
2372
2373
2375
2376
2377
2378
2379
2381
2382
2383
2385
2386
2387
2388
2389
2391
2392
2393
2395
2396
2397
2398
2399
2511
2512
2513
2515
2516
2517
2518
2519
2521
2522
2523
2525
2526
2527
2528
2529
2531
2532
2533
2535
2536
2537
2538
2539
2551
2552
2553
2555
2556
2557
2558
2559
2561
2562
2563
2565
2566
2567
2568
2569
2571
2572
2573
2575
2576
2577
2578
2579
2581
2582
2583
2585
2586
2587
2588
2589
2591
2592
2593
2595
2596
2597
2598
2599
2611
2612
2613
2615
2616
2617
2618
2619
2621
2622
2623
2625
2626
2627
2628
2629
2631
2632
2633
2635
2636
2637
2638
2639
2651
2652
2653
2655
2656
2657
2658
2659
2661
2662
2663
2665
2666
2667
2668
2669
2671
2672
2673
2675
2676
2677
2678
2679
2681
2682
2683
2685
2686
2687
2688
2689
2691
2692
2693
2695
2696
2697
2698
2699
2711
2712
2713
2715
2716
2717
2718
2719
2721
2722
2723
2725
2726
2727
2728
2729
2731
2732
2733
2735
2736
2737
2738
2739
2751
2752
2753
2755
2756
2757
2758
2759
2761
2762
2763
2765
2766
2767
2768
2769
2771
2772
2773
2775
2776
2777
2778
2779
2781
2782
2783
2785
2786
2787
2788
2789
2791
2792
2793
2795
2796
2797
2798
2799
2811
2812
2813
2815
2816
2817
2818
2819
2821
2822
2823
2825
2826
2827
2828
2829
2831
2832
2833
2835
2836
2837
2838
2839
2851
2852
2853
2855
2856
2857
2858
2859
2861
2862
2863
2865
2866
2867
2868
2869
2871
2872
2873
2875
2876
2877
2878
2879
2881
2882
2883
2885
2886
2887
2888
2889
2891
2892
2893
2895
2896
2897
2898
2899
2911
2912
2913
2915
2916
2917
2918
2919
2921
2922
2923
2925
2926
2927
2928
2929
2931
2932
2933
2935
2936
2937
2938
2939
2951
2952
2953
2955
2956
2957
2958
2959
2961
2962
2963
2965
2966
2967
2968
2969
2971
2972
2973
2975
2976
2977
2978
2979
2981
2982
2983
2985
2986
2987
2988
2989
2991
2992
2993
2995
2996
2997
2998
2999
3111
3112
3113
3115
3116
3117
3118
3119
3121
3122
3123
3125
3126
3127
3128
3129
3131
3132
3133
3135
3136
3137
3138
3139
3151
3152
3153
3155
3156
3157
3158
3159
3161
3162
3163
3165
3166
3167
3168
3169
3171
3172
3173
3175
3176
3177
3178
3179
3181
3182
3183
3185
3186
3187
3188
3189
3191
3192
3193
3195
3196
3197
3198
3199
3211
3212
3213
3215
3216
3217
3218
3219
3221
3222
3223
3225
3226
3227
3228
3229
3231
3232
3233
3235
3236
3237
3238
3239
3251
3252
3253
3255
3256
3257
3258
3259
3261
3262
3263
3265
3266
3267
3268
3269
3271
3272
3273
3275
3276
3277
3278
3279
3281
3282
3283
3285
3286
3287
3288
3289
3291
3292
3293
3295
3296
3297
3298
3299
3311
3312
3313
3315
3316
3317
3318
3319
3321
3322
3323
3325
3326
3327
3328
3329
3331
3332
3333
3335
3336
3337
3338
3339
3351
3352
3353
3355
3356
3357
3358
3359
3361
3362
3363
3365
3366
3367
3368
3369
3371
3372
3373
3375
3376
3377
3378
3379
3381
3382
3383
3385
3386
3387
3388
3389
3391
3392
3393
3395
3396
3397
3398
3399
3511
3512
3513
3515
3516
3517
3518
3519
3521
3522
3523
3525
3526
3527
3528
3529
3531
3532
3533
3535
3536
3537
3538
3539
3551
3552
3553
3555
3556
3557
3558
3559
3561
3562
3563
3565
3566
3567
3568
3569
3571
3572
3573
3575
3576
3577
3578
3579
3581
3582
3583
3585
3586
3587
3588
3589
3591
3592
3593
3595
3596
3597
3598
3599
3611
3612
3613
3615
3616
3617
3618
3619
3621
3622
3623
3625
3626
3627
3628
3629
3631
3632
3633
3635
3636
3637
3638
3639
3651
3652
3653
3655
3656
3657
3658
3659
3661
3662
3663
3665
3666
3667
3668
3669
3671
3672
3673
3675
3676
3677
3678
3679
3681
3682
3683
3685
3686
3687
3688
3689
3691
3692
3693
3695
3696
3697
3698
3699
3711
3712
3713
3715
3716
3717
3718
3719
3721
3722
3723
3725
3726
3727
3728
3729
3731
3732
3733
3735
3736
3737
3738
3739
3751
3752
3753
3755
3756
3757
3758
3759
3761
3762
3763
3765
3766
3767
3768
3769
3771
3772
3773
3775
3776
3777
3778
3779
3781
3782
3783
3785
3786
3787
3788
3789
3791
3792
3793
3795
3796
3797
3798
3799
3811
3812
3813
3815
3816
3817
3818
3819
3821
3822
3823
3825
3826
3827
3828
3829
3831
3832
3833
3835
3836
3837
3838
3839
3851
3852
3853
3855
3856
3857
3858
3859
3861
3862
3863
3865
3866
3867
3868
3869
3871
3872
3873
3875
3876
3877
3878
3879
3881
3882
3883
3885
3886
3887
3888
3889
3891
3892
3893
3895
3896
3897
3898
3899
3911
3912
3913
3915
3916
3917
3918
3919
3921
3922
3923
3925
3926
3927
3928
3929
3931
3932
3933
3935
3936
3937
3938
3939
3951
3952
3953
3955
3956
3957
3958
3959
3961
3962
3963
3965
3966
3967
3968
3969
3971
3972
3973
3975
3976
3977
3978
3979
3981
3982
3983
3985
3986
3987
3988
3989
3991
3992
3993
3995
3996
3997
3998
3999
5111
5112
5113
5115
5116
5117
5118
5119
5121
5122
5123
5125
5126
5127
5128
5129
5131
5132
5133
5135
5136
5137
5138
5139
5151
5152
5153
5155
5156
5157
5158
5159
5161
5162
5163
5165
5166
5167
5168
5169
5171
5172
5173
5175
5176
5177
5178
5179
5181
5182
5183
5185
5186
5187
5188
5189
5191
5192
5193
5195
5196
5197
5198
5199
5211
5212
5213
5215
5216
5217
5218
5219
5221
5222
5223
5225
5226
5227
5228
5229
5231
5232
5233
5235
5236
5237
5238
5239
5251
5252
5253
5255
5256
5257
5258
5259
5261
5262
5263
5265
5266
5267
5268
5269
5271
5272
5273
5275
5276
5277
5278
5279
5281
5282
5283
5285
5286
5287
5288
5289
5291
5292
5293
5295
5296
5297
5298
5299
5311
5312
5313
5315
5316
5317
5318
5319
5321
5322
5323
5325
5326
5327
5328
5329
5331
5332
5333
5335
5336
5337
5338
5339
5351
5352
5353
5355
5356
5357
5358
5359
5361
5362
5363
5365
5366
5367
5368
5369
5371
5372
5373
5375
5376
5377
5378
5379
5381
5382
5383
5385
5386
5387
5388
5389
5391
5392
5393
5395
5396
5397
5398
5399
5511
5512
5513
5515
5516
5517
5518
5519
5521
5522
5523
5525
5526
5527
5528
5529
5531
5532
5533
5535
5536
5537
5538
5539
5551
5552
5553
5555
5556
5557
5558
5559
5561
5562
5563
5565
5566
5567
5568
5569
5571
5572
5573
5575
5576
5577
5578
5579
5581
5582
5583
5585
5586
5587
5588
5589
5591
5592
5593
5595
5596
5597
5598
5599
5611
5612
5613
5615
5616
5617
5618
5619
5621
5622
5623
5625
5626
5627
5628
5629
5631
5632
5633
5635
5636
5637
5638
5639
5651
5652
5653
5655
5656
5657
5658
5659
5661
5662
5663
5665
5666
5667
5668
5669
5671
5672
5673
5675
5676
5677
5678
5679
5681
5682
5683
5685
5686
5687
5688
5689
5691
5692
5693
5695
5696
5697
5698
5699
5711
5712
5713
5715
5716
5717
5718
5719
5721
5722
5723
5725
5726
5727
5728
5729
5731
5732
5733
5735
5736
5737
5738
5739
5751
5752
5753
5755
5756
5757
5758
5759
5761
5762
5763
5765
5766
5767
5768
5769
5771
5772
5773
5775
5776
5777
5778
5779
5781
5782
5783
5785
5786
5787
5788
5789
5791
5792
5793
5795
5796
5797
5798
5799
5811
5812
5813
5815
5816
5817
5818
5819
5821
5822
5823
5825
5826
5827
5828
5829
5831
5832
5833
5835
5836
5837
5838
5839
5851
5852
5853
5855
5856
5857
5858
5859
5861
5862
5863
5865
5866
5867
5868
5869
5871
5872
5873
5875
5876
5877
5878
5879
5881
5882
5883
5885
5886
5887
5888
5889
5891
5892
5893
5895
5896
5897
5898
5899
5911
5912
5913
5915
5916
5917
5918
5919
5921
5922
5923
5925
5926
5927
5928
5929
5931
5932
5933
5935
5936
5937
5938
5939
5951
5952
5953
5955
5956
5957
5958
5959
5961
5962
5963
5965
5966
5967
5968
5969
5971
5972
5973
5975
5976
5977
5978
5979
5981
5982
5983
5985
5986
5987
5988
5989
5991
5992
5993
5995
5996
5997
5998
5999
6111
6112
6113
6115
6116
6117
6118
6119
6121
6122
6123
6125
6126
6127
6128
6129
6131
6132
6133
6135
6136
6137
6138
6139
6151
6152
6153
6155
6156
6157
6158
6159
6161
6162
6163
6165
6166
6167
6168
6169
6171
6172
6173
6175
6176
6177
6178
6179
6181
6182
6183
6185
6186
6187
6188
6189
6191
6192
6193
6195
6196
6197
6198
6199
6211
6212
6213
6215
6216
6217
6218
6219
6221
6222
6223
6225
6226
6227
6228
6229
6231
6232
6233
6235
6236
6237
6238
6239
6251
6252
6253
6255
6256
6257
6258
6259
6261
6262
6263
6265
6266
6267
6268
6269
6271
6272
6273
6275
6276
6277
6278
6279
6281
6282
6283
6285
6286
6287
6288
6289
6291
6292
6293
6295
6296
6297
6298
6299
6311
6312
6313
6315
6316
6317
6318
6319
6321
6322
6323
6325
6326
6327
6328
6329
6331
6332
6333
6335
6336
6337
6338
6339
6351
6352
6353
6355
6356
6357
6358
6359
6361
6362
6363
6365
6366
6367
6368
6369
6371
6372
6373
6375
6376
6377
6378
6379
6381
6382
6383
6385
6386
6387
6388
6389
6391
6392
6393
6395
6396
6397
6398
6399
6511
6512
6513
6515
6516
6517
6518
6519
6521
6522
6523
6525
6526
6527
6528
6529
6531
6532
6533
6535
6536
6537
6538
6539
6551
6552
6553
6555
6556
6557
6558
6559
6561
6562
6563
6565
6566
6567
6568
6569
6571
6572
6573
6575
6576
6577
6578
6579
6581
6582
6583
6585
6586
6587
6588
6589
6591
6592
6593
6595
6596
6597
6598
6599
6611
6612
6613
6615
6616
6617
6618
6619
6621
6622
6623
6625
6626
6627
6628
6629
6631
6632
6633
6635
6636
6637
6638
6639
6651
6652
6653
6655
6656
6657
6658
6659
6661
6662
6663
6665
6666
6667
6668
6669
6671
6672
6673
6675
6676
6677
6678
6679
6681
6682
6683
6685
6686
6687
6688
6689
6691
6692
6693
6695
6696
6697
6698
6699
6711
6712
6713
6715
6716
6717
6718
6719
6721
6722
6723
6725
6726
6727
6728
6729
6731
6732
6733
6735
6736
6737
6738
6739
6751
6752
6753
6755
6756
6757
6758
6759
6761
6762
6763
6765
6766
6767
6768
6769
6771
6772
6773
6775
6776
6777
6778
6779
6781
6782
6783
6785
6786
6787
6788
6789
6791
6792
6793
6795
6796
6797
6798
6799
6811
6812
6813
6815
6816
6817
6818
6819
6821
6822
6823
6825
6826
6827
6828
6829
6831
6832
6833
6835
6836
6837
6838
6839
6851
6852
6853
6855
6856
6857
6858
6859
6861
6862
6863
6865
6866
6867
6868
6869
6871
6872
6873
6875
6876
6877
6878
6879
6881
6882
6883
6885
6886
6887
6888
6889
6891
6892
6893
6895
6896
6897
6898
6899
6911
6912
6913
6915
6916
6917
6918
6919
6921
6922
6923
6925
6926
6927
6928
6929
6931
6932
6933
6935
6936
6937
6938
6939
6951
6952
6953
6955
6956
6957
6958
6959
6961
6962
6963
6965
6966
6967
6968
6969
6971
6972
6973
6975
6976
6977
6978
6979
6981
6982
6983
6985
6986
6987
6988
6989
6991
6992
6993
6995
6996
6997
6998
6999
7111
7112
7113
7115
7116
7117
7118
7119
7121
7122
7123
7125
7126
7127
7128
7129
7131
7132
7133
7135
7136
7137
7138
7139
7151
7152
7153
7155
7156
7157
7158
7159
7161
7162
7163
7165
7166
7167
7168
7169
7171
7172
7173
7175
7176
7177
7178
7179
7181
7182
7183
7185
7186
7187
7188
7189
7191
7192
7193
7195
7196
7197
7198
7199
7211
7212
7213
7215
7216
7217
7218
7219
7221
7222
7223
7225
7226
7227
7228
7229
7231
7232
7233
7235
7236
7237
7238
7239
7251
7252
7253
7255
7256
7257
7258
7259
7261
7262
7263
7265
7266
7267
7268
7269
7271
7272
7273
7275
7276
7277
7278
7279
7281
7282
7283
7285
7286
7287
7288
7289
7291
7292
7293
7295
7296
7297
7298
7299
7311
7312
7313
7315
7316
7317
7318
7319
7321
7322
7323
7325
7326
7327
7328
7329
7331
7332
7333
7335
7336
7337
7338
7339
7351
7352
7353
7355
7356
7357
7358
7359
7361
7362
7363
7365
7366
7367
7368
7369
7371
7372
7373
7375
7376
7377
7378
7379
7381
7382
7383
7385
7386
7387
7388
7389
7391
7392
7393
7395
7396
7397
7398
7399
7511
7512
7513
7515
7516
7517
7518
7519
7521
7522
7523
7525
7526
7527
7528
7529
7531
7532
7533
7535
7536
7537
7538
7539
7551
7552
7553
7555
7556
7557
7558
7559
7561
7562
7563
7565
7566
7567
7568
7569
7571
7572
7573
7575
7576
7577
7578
7579
7581
7582
7583
7585
7586
7587
7588
7589
7591
7592
7593
7595
7596
7597
7598
7599
7611
7612
7613
7615
7616
7617
7618
7619
7621
7622
7623
7625
7626
7627
7628
7629
7631
7632
7633
7635
7636
7637
7638
7639
7651
7652
7653
7655
7656
7657
7658
7659
7661
7662
7663
7665
7666
7667
7668
7669
7671
7672
7673
7675
7676
7677
7678
7679
7681
7682
7683
7685
7686
7687
7688
7689
7691
7692
7693
7695
7696
7697
7698
7699
7711
7712
7713
7715
7716
7717
7718
7719
7721
7722
7723
7725
7726
7727
7728
7729
7731
7732
7733
7735
7736
7737
7738
7739
7751
7752
7753
7755
7756
7757
7758
7759
7761
7762
7763
7765
7766
7767
7768
7769
7771
7772
7773
7775
7776
7777
7778
7779
7781
7782
7783
7785
7786
7787
7788
7789
7791
7792
7793
7795
7796
7797
7798
7799
7811
7812
7813
7815
7816
7817
7818
7819
7821
7822
7823
7825
7826
7827
7828
7829
7831
7832
7833
7835
7836
7837
7838
7839
7851
7852
7853
7855
7856
7857
7858
7859
7861
7862
7863
7865
7866
7867
7868
7869
7871
7872
7873
7875
7876
7877
7878
7879
7881
7882
7883
7885
7886
7887
7888
7889
7891
7892
7893
7895
7896
7897
7898
7899
7911
7912
7913
7915
7916
7917
7918
7919
7921
7922
7923
7925
7926
7927
7928
7929
7931
7932
7933
7935
7936
7937
7938
7939
7951
7952
7953
7955
7956
7957
7958
7959
7961
7962
7963
7965
7966
7967
7968
7969
7971
7972
7973
7975
7976
7977
7978
7979
7981
7982
7983
7985
7986
7987
7988
7989
7991
7992
7993
7995
7996
7997
7998
7999
8111
8112
8113
8115
8116
8117
8118
8119
8121
8122
8123
8125
8126
8127
8128
8129
8131
8132
8133
8135
8136
8137
8138
8139
8151
8152
8153
8155
8156
8157
8158
8159
8161
8162
8163
8165
8166
8167
8168
8169
8171
8172
8173
8175
8176
8177
8178
8179
8181
8182
8183
8185
8186
8187
8188
8189
8191
8192
8193
8195
8196
8197
8198
8199
8211
8212
8213
8215
8216
8217
8218
8219
8221
8222
8223
8225
8226
8227
8228
8229
8231
8232
8233
8235
8236
8237
8238
8239
8251
8252
8253
8255
8256
8257
8258
8259
8261
8262
8263
8265
8266
8267
8268
8269
8271
8272
8273
8275
8276
8277
8278
8279
8281
8282
8283
8285
8286
8287
8288
8289
8291
8292
8293
8295
8296
8297
8298
8299
8311
8312
8313
8315
8316
8317
8318
8319
8321
8322
8323
8325
8326
8327
8328
8329
8331
8332
8333
8335
8336
8337
8338
8339
8351
8352
8353
8355
8356
8357
8358
8359
8361
8362
8363
8365
8366
8367
8368
8369
8371
8372
8373
8375
8376
8377
8378
8379
8381
8382
8383
8385
8386
8387
8388
8389
8391
8392
8393
8395
8396
8397
8398
8399
8511
8512
8513
8515
8516
8517
8518
8519
8521
8522
8523
8525
8526
8527
8528
8529
8531
8532
8533
8535
8536
8537
8538
8539
8551
8552
8553
8555
8556
8557
8558
8559
8561
8562
8563
8565
8566
8567
8568
8569
8571
8572
8573
8575
8576
8577
8578
8579
8581
8582
8583
8585
8586
8587
8588
8589
8591
8592
8593
8595
8596
8597
8598
8599
8611
8612
8613
8615
8616
8617
8618
8619
8621
8622
8623
8625
8626
8627
8628
8629
8631
8632
8633
8635
8636
8637
8638
8639
8651
8652
8653
8655
8656
8657
8658
8659
8661
8662
8663
8665
8666
8667
8668
8669
8671
8672
8673
8675
8676
8677
8678
8679
8681
8682
8683
8685
8686
8687
8688
8689
8691
8692
8693
8695
8696
8697
8698
8699
8711
8712
8713
8715
8716
8717
8718
8719
8721
8722
8723
8725
8726
8727
8728
8729
8731
8732
8733
8735
8736
8737
8738
8739
8751
8752
8753
8755
8756
8757
8758
8759
8761
8762
8763
8765
8766
8767
8768
8769
8771
8772
8773
8775
8776
8777
8778
8779
8781
8782
8783
8785
8786
8787
8788
8789
8791
8792
8793
8795
8796
8797
8798
8799
8811
8812
8813
8815
8816
8817
8818
8819
8821
8822
8823
8825
8826
8827
8828
8829
8831
8832
8833
8835
8836
8837
8838
8839
8851
8852
8853
8855
8856
8857
8858
8859
8861
8862
8863
8865
8866
8867
8868
8869
8871
8872
8873
8875
8876
8877
8878
8879
8881
8882
8883
8885
8886
8887
8888
8889
8891
8892
8893
8895
8896
8897
8898
8899
8911
8912
8913
8915
8916
8917
8918
8919
8921
8922
8923
8925
8926
8927
8928
8929
8931
8932
8933
8935
8936
8937
8938
8939
8951
8952
8953
8955
8956
8957
8958
8959
8961
8962
8963
8965
8966
8967
8968
8969
8971
8972
8973
8975
8976
8977
8978
8979
8981
8982
8983
8985
8986
8987
8988
8989
8991
8992
8993
8995
8996
8997
8998
8999
9111
9112
9113
9115
9116
9117
9118
9119
9121
9122
9123
9125
9126
9127
9128
9129
9131
9132
9133
9135
9136
9137
9138
9139
9151
9152
9153
9155
9156
9157
9158
9159
9161
9162
9163
9165
9166
9167
9168
9169
9171
9172
9173
9175
9176
9177
9178
9179
9181
9182
9183
9185
9186
9187
9188
9189
9191
9192
9193
9195
9196
9197
9198
9199
9211
9212
9213
9215
9216
9217
9218
9219
9221
9222
9223
9225
9226
9227
9228
9229
9231
9232
9233
9235
9236
9237
9238
9239
9251
9252
9253
9255
9256
9257
9258
9259
9261
9262
9263
9265
9266
9267
9268
9269
9271
9272
9273
9275
9276
9277
9278
9279
9281
9282
9283
9285
9286
9287
9288
9289
9291
9292
9293
9295
9296
9297
9298
9299
9311
9312
9313
9315
9316
9317
9318
9319
9321
9322
9323
9325
9326
9327
9328
9329
9331
9332
9333
9335
9336
9337
9338
9339
9351
9352
9353
9355
9356
9357
9358
9359
9361
9362
9363
9365
9366
9367
9368
9369
9371
9372
9373
9375
9376
9377
9378
9379
9381
9382
9383
9385
9386
9387
9388
9389
9391
9392
9393
9395
9396
9397
9398
9399
9511
9512
9513
9515
9516
9517
9518
9519
9521
9522
9523
9525
9526
9527
9528
9529
9531
9532
9533
9535
9536
9537
9538
9539
9551
9552
9553
9555
9556
9557
9558
9559
9561
9562
9563
9565
9566
9567
9568
9569
9571
9572
9573
9575
9576
9577
9578
9579
9581
9582
9583
9585
9586
9587
9588
9589
9591
9592
9593
9595
9596
9597
9598
9599
9611
9612
9613
9615
9616
9617
9618
9619
9621
9622
9623
9625
9626
9627
9628
9629
9631
9632
9633
9635
9636
9637
9638
9639
9651
9652
9653
9655
9656
9657
9658
9659
9661
9662
9663
9665
9666
9667
9668
9669
9671
9672
9673
9675
9676
9677
9678
9679
9681
9682
9683
9685
9686
9687
9688
9689
9691
9692
9693
9695
9696
9697
9698
9699
9711
9712
9713
9715
9716
9717
9718
9719
9721
9722
9723
9725
9726
9727
9728
9729
9731
9732
9733
9735
9736
9737
9738
9739
9751
9752
9753
9755
9756
9757
9758
9759
9761
9762
9763
9765
9766
9767
9768
9769
9771
9772
9773
9775
9776
9777
9778
9779
9781
9782
9783
9785
9786
9787
9788
9789
9791
9792
9793
9795
9796
9797
9798
9799
9811
9812
9813
9815
9816
9817
9818
9819
9821
9822
9823
9825
9826
9827
9828
9829
9831
9832
9833
9835
9836
9837
9838
9839
9851
9852
9853
9855
9856
9857
9858
9859
9861
9862
9863
9865
9866
9867
9868
9869
9871
9872
9873
9875
9876
9877
9878
9879
9881
9882
9883
9885
9886
9887
9888
9889
9891
9892
9893
9895
9896
9897
9898
9899
9911
9912
9913
9915
9916
9917
9918
9919
9921
9922
9923
9925
9926
9927
9928
9929
9931
9932
9933
9935
9936
9937
9938
9939
9951
9952
9953
9955
9956
9957
9958
9959
9961
9962
9963
9965
9966
9967
9968
9969
9971
9972
9973
9975
9976
9977
9978
9979
9981
9982
9983
9985
9986
9987
9988
9989
9991
9992
9993
9995
9996
9997
9998
9999
