000000
010101
020202
030303
040404
050505
060606
070707
080808
090909
101010
111111
121212
131313
141414
151515
161616
171717
181818
191919
202020
212121
222222
232323
242424
252525
262626
272727
282828
292929
303030
313131
323232
333333
343434
353535
363636
373737
383838
393939
404040
414141
424242
434343
444444
454545
464646
474747
484848
494949
505050
515151
525252
535353
545454
555555
565656
575757
585858
595959
606060
616161
626262
636363
646464
656565
666666
676767
686868
696969
707070
717171
727272
737373
747474
757575
767676
777777
787878
797979
808080
818181
828282
838383
848484
858585
868686
878787
888888
898989
909090
919191
929292
939393
949494
959595
969696
979797
989898
999999
