111111
112222
113333
115555
116666
117777
118888
119999
121111
122222
123333
125555
126666
127777
128888
129999
131111
132222
133333
135555
136666
137777
138888
139999
151111
152222
153333
155555
156666
157777
158888
159999
161111
162222
163333
165555
166666
167777
168888
169999
171111
172222
173333
175555
176666
177777
178888
179999
181111
182222
183333
185555
186666
187777
188888
189999
191111
192222
193333
195555
196666
197777
198888
199999
211111
212222
213333
215555
216666
217777
218888
219999
221111
222222
223333
225555
226666
227777
228888
229999
231111
232222
233333
235555
236666
237777
238888
239999
251111
252222
253333
255555
256666
257777
258888
259999
261111
262222
263333
265555
266666
267777
268888
269999
271111
272222
273333
275555
276666
277777
278888
279999
281111
282222
283333
285555
286666
287777
288888
289999
291111
292222
293333
295555
296666
297777
298888
299999
311111
312222
313333
315555
316666
317777
318888
319999
321111
322222
323333
325555
326666
327777
328888
329999
331111
332222
333333
335555
336666
337777
338888
339999
351111
352222
353333
355555
356666
357777
358888
359999
361111
362222
363333
365555
366666
367777
368888
369999
371111
372222
373333
375555
376666
377777
378888
379999
381111
382222
383333
385555
386666
387777
388888
389999
391111
392222
393333
395555
396666
397777
398888
399999
511111
512222
513333
515555
516666
517777
518888
519999
521111
522222
523333
525555
526666
527777
528888
529999
531111
532222
533333
535555
536666
537777
538888
539999
551111
552222
553333
555555
556666
557777
558888
559999
561111
562222
563333
565555
566666
567777
568888
569999
571111
572222
573333
575555
576666
577777
578888
579999
581111
582222
583333
585555
586666
587777
588888
589999
591111
592222
593333
595555
596666
597777
598888
599999
611111
612222
613333
615555
616666
617777
618888
619999
621111
622222
623333
625555
626666
627777
628888
629999
631111
632222
633333
635555
636666
637777
638888
639999
651111
652222
653333
655555
656666
657777
658888
659999
661111
662222
663333
665555
666666
667777
668888
669999
671111
672222
673333
675555
676666
677777
678888
679999
681111
682222
683333
685555
686666
687777
688888
689999
691111
692222
693333
695555
696666
697777
698888
699999
711111
712222
713333
715555
716666
717777
718888
719999
721111
722222
723333
725555
726666
727777
728888
729999
731111
732222
733333
735555
736666
737777
738888
739999
751111
752222
753333
755555
756666
757777
758888
759999
761111
762222
763333
765555
766666
767777
768888
769999
771111
772222
773333
775555
776666
777777
778888
779999
781111
782222
783333
785555
786666
787777
788888
789999
791111
792222
793333
795555
796666
797777
798888
799999
811111
812222
813333
815555
816666
817777
818888
819999
821111
822222
823333
825555
826666
827777
828888
829999
831111
832222
833333
835555
836666
837777
838888
839999
851111
852222
853333
855555
856666
857777
858888
859999
861111
862222
863333
865555
866666
867777
868888
869999
871111
872222
873333
875555
876666
877777
878888
879999
881111
882222
883333
885555
886666
887777
888888
889999
891111
892222
893333
895555
896666
897777
898888
899999
911111
912222
913333
915555
916666
917777
918888
919999
921111
922222
923333
925555
926666
927777
928888
929999
931111
932222
933333
935555
936666
937777
938888
939999
951111
952222
953333
955555
956666
957777
958888
959999
961111
962222
963333
965555
966666
967777
968888
969999
971111
972222
973333
975555
976666
977777
978888
979999
981111
982222
983333
985555
986666
987777
988888
989999
991111
992222
993333
995555
996666
997777
998888
999999
111111
111112
111113
111115
111116
111117
111118
111119
111121
111122
111123
111125
111126
111127
111128
111129
111131
111132
111133
111135
111136
111137
111138
111139
111151
111152
111153
111155
111156
111157
111158
111159
111161
111162
111163
111165
111166
111167
111168
111169
111171
111172
111173
111175
111176
111177
111178
111179
111181
111182
111183
111185
111186
111187
111188
111189
111191
111192
111193
111195
111196
111197
111198
111199
222211
222212
222213
222215
222216
222217
222218
222219
222221
222222
222223
222225
222226
222227
222228
222229
222231
222232
222233
222235
222236
222237
222238
222239
222251
222252
222253
222255
222256
222257
222258
222259
222261
222262
222263
222265
222266
222267
222268
222269
222271
222272
222273
222275
222276
222277
222278
222279
222281
222282
222283
222285
222286
222287
222288
222289
222291
222292
222293
222295
222296
222297
222298
222299
333311
333312
333313
333315
333316
333317
333318
333319
333321
333322
333323
333325
333326
333327
333328
333329
333331
333332
333333
333335
333336
333337
333338
333339
333351
333352
333353
333355
333356
333357
333358
333359
333361
333362
333363
333365
333366
333367
333368
333369
333371
333372
333373
333375
333376
333377
333378
333379
333381
333382
333383
333385
333386
333387
333388
333389
333391
333392
333393
333395
333396
333397
333398
333399
555511
555512
555513
555515
555516
555517
555518
555519
555521
555522
555523
555525
555526
555527
555528
555529
555531
555532
555533
555535
555536
555537
555538
555539
555551
555552
555553
555555
555556
555557
555558
555559
555561
555562
555563
555565
555566
555567
555568
555569
555571
555572
555573
555575
555576
555577
555578
555579
555581
555582
555583
555585
555586
555587
555588
555589
555591
555592
555593
555595
555596
555597
555598
555599
666611
666612
666613
666615
666616
666617
666618
666619
666621
666622
666623
666625
666626
666627
666628
666629
666631
666632
666633
666635
666636
666637
666638
666639
666651
666652
666653
666655
666656
666657
666658
666659
666661
666662
666663
666665
666666
666667
666668
666669
666671
666672
666673
666675
666676
666677
666678
666679
666681
666682
666683
666685
666686
666687
666688
666689
666691
666692
666693
666695
666696
666697
666698
666699
777711
777712
777713
777715
777716
777717
777718
777719
777721
777722
777723
777725
777726
777727
777728
777729
777731
777732
777733
777735
777736
777737
777738
777739
777751
777752
777753
777755
777756
777757
777758
777759
777761
777762
777763
777765
777766
777767
777768
777769
777771
777772
777773
777775
777776
777777
777778
777779
777781
777782
777783
777785
777786
777787
777788
777789
777791
777792
777793
777795
777796
777797
777798
777799
888811
888812
888813
888815
888816
888817
888818
888819
888821
888822
888823
888825
888826
888827
888828
888829
888831
888832
888833
888835
888836
888837
888838
888839
888851
888852
888853
888855
888856
888857
888858
888859
888861
888862
888863
888865
888866
888867
888868
888869
888871
888872
888873
888875
888876
888877
888878
888879
888881
888882
888883
888885
888886
888887
888888
888889
888891
888892
888893
888895
888896
888897
888898
888899
999911
999912
999913
999915
999916
999917
999918
999919
999921
999922
999923
999925
999926
999927
999928
999929
999931
999932
999933
999935
999936
999937
999938
999939
999951
999952
999953
999955
999956
999957
999958
999959
999961
999962
999963
999965
999966
999967
999968
999969
999971
999972
999973
999975
999976
999977
999978
999979
999981
999982
999983
999985
999986
999987
999988
999989
999991
999992
999993
999995
999996
999997
999998
999999
