123123
123234
123345
123456
123567
123678
123789
123890
123987
123876
123765
123654
123543
123432
123321
123210
234123
234234
234345
234456
234567
234678
234789
234890
234987
234876
234765
234654
234543
234432
234321
234210
345123
345234
345345
345456
345567
345678
345789
345890
345987
345876
345765
345654
345543
345432
345321
345210
456123
456234
456345
456456
456567
456678
456789
456890
456987
456876
456765
456654
456543
456432
456321
456210
567123
567234
567345
567456
567567
567678
567789
567890
567987
567876
567765
567654
567543
567432
567321
567210
678123
678234
678345
678456
678567
678678
678789
678890
678987
678876
678765
678654
678543
678432
678321
678210
789123
789234
789345
789456
789567
789678
789789
789890
789987
789876
789765
789654
789543
789432
789321
789210
890123
890234
890345
890456
890567
890678
890789
890890
890987
890876
890765
890654
890543
890432
890321
890210
987123
987234
987345
987456
987567
987678
987789
987890
987987
987876
987765
987654
987543
987432
987321
987210
876123
876234
876345
876456
876567
876678
876789
876890
876987
876876
876765
876654
876543
876432
876321
876210
765123
765234
765345
765456
765567
765678
765789
765890
765987
765876
765765
765654
765543
765432
765321
765210
654123
654234
654345
654456
654567
654678
654789
654890
654987
654876
654765
654654
654543
654432
654321
654210
543123
543234
543345
543456
543567
543678
543789
543890
543987
543876
543765
543654
543543
543432
543321
543210
432123
432234
432345
432456
432567
432678
432789
432890
432987
432876
432765
432654
432543
432432
432321
432210
321123
321234
321345
321456
321567
321678
321789
321890
321987
321876
321765
321654
321543
321432
321321
321210
210123
210234
210345
210456
210567
210678
210789
210890
210987
210876
210765
210654
210543
210432
210321
210210
