111111
111222
111333
111555
111666
111777
111888
111999
112111
112222
112333
112555
112666
112777
112888
112999
113111
113222
113333
113555
113666
113777
113888
113999
115111
115222
115333
115555
115666
115777
115888
115999
116111
116222
116333
116555
116666
116777
116888
116999
117111
117222
117333
117555
117666
117777
117888
117999
118111
118222
118333
118555
118666
118777
118888
118999
119111
119222
119333
119555
119666
119777
119888
119999
121111
121222
121333
121555
121666
121777
121888
121999
122111
122222
122333
122555
122666
122777
122888
122999
123111
123222
123333
123555
123666
123777
123888
123999
125111
125222
125333
125555
125666
125777
125888
125999
126111
126222
126333
126555
126666
126777
126888
126999
127111
127222
127333
127555
127666
127777
127888
127999
128111
128222
128333
128555
128666
128777
128888
128999
129111
129222
129333
129555
129666
129777
129888
129999
131111
131222
131333
131555
131666
131777
131888
131999
132111
132222
132333
132555
132666
132777
132888
132999
133111
133222
133333
133555
133666
133777
133888
133999
135111
135222
135333
135555
135666
135777
135888
135999
136111
136222
136333
136555
136666
136777
136888
136999
137111
137222
137333
137555
137666
137777
137888
137999
138111
138222
138333
138555
138666
138777
138888
138999
139111
139222
139333
139555
139666
139777
139888
139999
151111
151222
151333
151555
151666
151777
151888
151999
152111
152222
152333
152555
152666
152777
152888
152999
153111
153222
153333
153555
153666
153777
153888
153999
155111
155222
155333
155555
155666
155777
155888
155999
156111
156222
156333
156555
156666
156777
156888
156999
157111
157222
157333
157555
157666
157777
157888
157999
158111
158222
158333
158555
158666
158777
158888
158999
159111
159222
159333
159555
159666
159777
159888
159999
161111
161222
161333
161555
161666
161777
161888
161999
162111
162222
162333
162555
162666
162777
162888
162999
163111
163222
163333
163555
163666
163777
163888
163999
165111
165222
165333
165555
165666
165777
165888
165999
166111
166222
166333
166555
166666
166777
166888
166999
167111
167222
167333
167555
167666
167777
167888
167999
168111
168222
168333
168555
168666
168777
168888
168999
169111
169222
169333
169555
169666
169777
169888
169999
171111
171222
171333
171555
171666
171777
171888
171999
172111
172222
172333
172555
172666
172777
172888
172999
173111
173222
173333
173555
173666
173777
173888
173999
175111
175222
175333
175555
175666
175777
175888
175999
176111
176222
176333
176555
176666
176777
176888
176999
177111
177222
177333
177555
177666
177777
177888
177999
178111
178222
178333
178555
178666
178777
178888
178999
179111
179222
179333
179555
179666
179777
179888
179999
181111
181222
181333
181555
181666
181777
181888
181999
182111
182222
182333
182555
182666
182777
182888
182999
183111
183222
183333
183555
183666
183777
183888
183999
185111
185222
185333
185555
185666
185777
185888
185999
186111
186222
186333
186555
186666
186777
186888
186999
187111
187222
187333
187555
187666
187777
187888
187999
188111
188222
188333
188555
188666
188777
188888
188999
189111
189222
189333
189555
189666
189777
189888
189999
191111
191222
191333
191555
191666
191777
191888
191999
192111
192222
192333
192555
192666
192777
192888
192999
193111
193222
193333
193555
193666
193777
193888
193999
195111
195222
195333
195555
195666
195777
195888
195999
196111
196222
196333
196555
196666
196777
196888
196999
197111
197222
197333
197555
197666
197777
197888
197999
198111
198222
198333
198555
198666
198777
198888
198999
199111
199222
199333
199555
199666
199777
199888
199999
211111
211222
211333
211555
211666
211777
211888
211999
212111
212222
212333
212555
212666
212777
212888
212999
213111
213222
213333
213555
213666
213777
213888
213999
215111
215222
215333
215555
215666
215777
215888
215999
216111
216222
216333
216555
216666
216777
216888
216999
217111
217222
217333
217555
217666
217777
217888
217999
218111
218222
218333
218555
218666
218777
218888
218999
219111
219222
219333
219555
219666
219777
219888
219999
221111
221222
221333
221555
221666
221777
221888
221999
222111
222222
222333
222555
222666
222777
222888
222999
223111
223222
223333
223555
223666
223777
223888
223999
225111
225222
225333
225555
225666
225777
225888
225999
226111
226222
226333
226555
226666
226777
226888
226999
227111
227222
227333
227555
227666
227777
227888
227999
228111
228222
228333
228555
228666
228777
228888
228999
229111
229222
229333
229555
229666
229777
229888
229999
231111
231222
231333
231555
231666
231777
231888
231999
232111
232222
232333
232555
232666
232777
232888
232999
233111
233222
233333
233555
233666
233777
233888
233999
235111
235222
235333
235555
235666
235777
235888
235999
236111
236222
236333
236555
236666
236777
236888
236999
237111
237222
237333
237555
237666
237777
237888
237999
238111
238222
238333
238555
238666
238777
238888
238999
239111
239222
239333
239555
239666
239777
239888
239999
251111
251222
251333
251555
251666
251777
251888
251999
252111
252222
252333
252555
252666
252777
252888
252999
253111
253222
253333
253555
253666
253777
253888
253999
255111
255222
255333
255555
255666
255777
255888
255999
256111
256222
256333
256555
256666
256777
256888
256999
257111
257222
257333
257555
257666
257777
257888
257999
258111
258222
258333
258555
258666
258777
258888
258999
259111
259222
259333
259555
259666
259777
259888
259999
261111
261222
261333
261555
261666
261777
261888
261999
262111
262222
262333
262555
262666
262777
262888
262999
263111
263222
263333
263555
263666
263777
263888
263999
265111
265222
265333
265555
265666
265777
265888
265999
266111
266222
266333
266555
266666
266777
266888
266999
267111
267222
267333
267555
267666
267777
267888
267999
268111
268222
268333
268555
268666
268777
268888
268999
269111
269222
269333
269555
269666
269777
269888
269999
271111
271222
271333
271555
271666
271777
271888
271999
272111
272222
272333
272555
272666
272777
272888
272999
273111
273222
273333
273555
273666
273777
273888
273999
275111
275222
275333
275555
275666
275777
275888
275999
276111
276222
276333
276555
276666
276777
276888
276999
277111
277222
277333
277555
277666
277777
277888
277999
278111
278222
278333
278555
278666
278777
278888
278999
279111
279222
279333
279555
279666
279777
279888
279999
281111
281222
281333
281555
281666
281777
281888
281999
282111
282222
282333
282555
282666
282777
282888
282999
283111
283222
283333
283555
283666
283777
283888
283999
285111
285222
285333
285555
285666
285777
285888
285999
286111
286222
286333
286555
286666
286777
286888
286999
287111
287222
287333
287555
287666
287777
287888
287999
288111
288222
288333
288555
288666
288777
288888
288999
289111
289222
289333
289555
289666
289777
289888
289999
291111
291222
291333
291555
291666
291777
291888
291999
292111
292222
292333
292555
292666
292777
292888
292999
293111
293222
293333
293555
293666
293777
293888
293999
295111
295222
295333
295555
295666
295777
295888
295999
296111
296222
296333
296555
296666
296777
296888
296999
297111
297222
297333
297555
297666
297777
297888
297999
298111
298222
298333
298555
298666
298777
298888
298999
299111
299222
299333
299555
299666
299777
299888
299999
311111
311222
311333
311555
311666
311777
311888
311999
312111
312222
312333
312555
312666
312777
312888
312999
313111
313222
313333
313555
313666
313777
313888
313999
315111
315222
315333
315555
315666
315777
315888
315999
316111
316222
316333
316555
316666
316777
316888
316999
317111
317222
317333
317555
317666
317777
317888
317999
318111
318222
318333
318555
318666
318777
318888
318999
319111
319222
319333
319555
319666
319777
319888
319999
321111
321222
321333
321555
321666
321777
321888
321999
322111
322222
322333
322555
322666
322777
322888
322999
323111
323222
323333
323555
323666
323777
323888
323999
325111
325222
325333
325555
325666
325777
325888
325999
326111
326222
326333
326555
326666
326777
326888
326999
327111
327222
327333
327555
327666
327777
327888
327999
328111
328222
328333
328555
328666
328777
328888
328999
329111
329222
329333
329555
329666
329777
329888
329999
331111
331222
331333
331555
331666
331777
331888
331999
332111
332222
332333
332555
332666
332777
332888
332999
333111
333222
333333
333555
333666
333777
333888
333999
335111
335222
335333
335555
335666
335777
335888
335999
336111
336222
336333
336555
336666
336777
336888
336999
337111
337222
337333
337555
337666
337777
337888
337999
338111
338222
338333
338555
338666
338777
338888
338999
339111
339222
339333
339555
339666
339777
339888
339999
351111
351222
351333
351555
351666
351777
351888
351999
352111
352222
352333
352555
352666
352777
352888
352999
353111
353222
353333
353555
353666
353777
353888
353999
355111
355222
355333
355555
355666
355777
355888
355999
356111
356222
356333
356555
356666
356777
356888
356999
357111
357222
357333
357555
357666
357777
357888
357999
358111
358222
358333
358555
358666
358777
358888
358999
359111
359222
359333
359555
359666
359777
359888
359999
361111
361222
361333
361555
361666
361777
361888
361999
362111
362222
362333
362555
362666
362777
362888
362999
363111
363222
363333
363555
363666
363777
363888
363999
365111
365222
365333
365555
365666
365777
365888
365999
366111
366222
366333
366555
366666
366777
366888
366999
367111
367222
367333
367555
367666
367777
367888
367999
368111
368222
368333
368555
368666
368777
368888
368999
369111
369222
369333
369555
369666
369777
369888
369999
371111
371222
371333
371555
371666
371777
371888
371999
372111
372222
372333
372555
372666
372777
372888
372999
373111
373222
373333
373555
373666
373777
373888
373999
375111
375222
375333
375555
375666
375777
375888
375999
376111
376222
376333
376555
376666
376777
376888
376999
377111
377222
377333
377555
377666
377777
377888
377999
378111
378222
378333
378555
378666
378777
378888
378999
379111
379222
379333
379555
379666
379777
379888
379999
381111
381222
381333
381555
381666
381777
381888
381999
382111
382222
382333
382555
382666
382777
382888
382999
383111
383222
383333
383555
383666
383777
383888
383999
385111
385222
385333
385555
385666
385777
385888
385999
386111
386222
386333
386555
386666
386777
386888
386999
387111
387222
387333
387555
387666
387777
387888
387999
388111
388222
388333
388555
388666
388777
388888
388999
389111
389222
389333
389555
389666
389777
389888
389999
391111
391222
391333
391555
391666
391777
391888
391999
392111
392222
392333
392555
392666
392777
392888
392999
393111
393222
393333
393555
393666
393777
393888
393999
395111
395222
395333
395555
395666
395777
395888
395999
396111
396222
396333
396555
396666
396777
396888
396999
397111
397222
397333
397555
397666
397777
397888
397999
398111
398222
398333
398555
398666
398777
398888
398999
399111
399222
399333
399555
399666
399777
399888
399999
511111
511222
511333
511555
511666
511777
511888
511999
512111
512222
512333
512555
512666
512777
512888
512999
513111
513222
513333
513555
513666
513777
513888
513999
515111
515222
515333
515555
515666
515777
515888
515999
516111
516222
516333
516555
516666
516777
516888
516999
517111
517222
517333
517555
517666
517777
517888
517999
518111
518222
518333
518555
518666
518777
518888
518999
519111
519222
519333
519555
519666
519777
519888
519999
521111
521222
521333
521555
521666
521777
521888
521999
522111
522222
522333
522555
522666
522777
522888
522999
523111
523222
523333
523555
523666
523777
523888
523999
525111
525222
525333
525555
525666
525777
525888
525999
526111
526222
526333
526555
526666
526777
526888
526999
527111
527222
527333
527555
527666
527777
527888
527999
528111
528222
528333
528555
528666
528777
528888
528999
529111
529222
529333
529555
529666
529777
529888
529999
531111
531222
531333
531555
531666
531777
531888
531999
532111
532222
532333
532555
532666
532777
532888
532999
533111
533222
533333
533555
533666
533777
533888
533999
535111
535222
535333
535555
535666
535777
535888
535999
536111
536222
536333
536555
536666
536777
536888
536999
537111
537222
537333
537555
537666
537777
537888
537999
538111
538222
538333
538555
538666
538777
538888
538999
539111
539222
539333
539555
539666
539777
539888
539999
551111
551222
551333
551555
551666
551777
551888
551999
552111
552222
552333
552555
552666
552777
552888
552999
553111
553222
553333
553555
553666
553777
553888
553999
555111
555222
555333
555555
555666
555777
555888
555999
556111
556222
556333
556555
556666
556777
556888
556999
557111
557222
557333
557555
557666
557777
557888
557999
558111
558222
558333
558555
558666
558777
558888
558999
559111
559222
559333
559555
559666
559777
559888
559999
561111
561222
561333
561555
561666
561777
561888
561999
562111
562222
562333
562555
562666
562777
562888
562999
563111
563222
563333
563555
563666
563777
563888
563999
565111
565222
565333
565555
565666
565777
565888
565999
566111
566222
566333
566555
566666
566777
566888
566999
567111
567222
567333
567555
567666
567777
567888
567999
568111
568222
568333
568555
568666
568777
568888
568999
569111
569222
569333
569555
569666
569777
569888
569999
571111
571222
571333
571555
571666
571777
571888
571999
572111
572222
572333
572555
572666
572777
572888
572999
573111
573222
573333
573555
573666
573777
573888
573999
575111
575222
575333
575555
575666
575777
575888
575999
576111
576222
576333
576555
576666
576777
576888
576999
577111
577222
577333
577555
577666
577777
577888
577999
578111
578222
578333
578555
578666
578777
578888
578999
579111
579222
579333
579555
579666
579777
579888
579999
581111
581222
581333
581555
581666
581777
581888
581999
582111
582222
582333
582555
582666
582777
582888
582999
583111
583222
583333
583555
583666
583777
583888
583999
585111
585222
585333
585555
585666
585777
585888
585999
586111
586222
586333
586555
586666
586777
586888
586999
587111
587222
587333
587555
587666
587777
587888
587999
588111
588222
588333
588555
588666
588777
588888
588999
589111
589222
589333
589555
589666
589777
589888
589999
591111
591222
591333
591555
591666
591777
591888
591999
592111
592222
592333
592555
592666
592777
592888
592999
593111
593222
593333
593555
593666
593777
593888
593999
595111
595222
595333
595555
595666
595777
595888
595999
596111
596222
596333
596555
596666
596777
596888
596999
597111
597222
597333
597555
597666
597777
597888
597999
598111
598222
598333
598555
598666
598777
598888
598999
599111
599222
599333
599555
599666
599777
599888
599999
611111
611222
611333
611555
611666
611777
611888
611999
612111
612222
612333
612555
612666
612777
612888
612999
613111
613222
613333
613555
613666
613777
613888
613999
615111
615222
615333
615555
615666
615777
615888
615999
616111
616222
616333
616555
616666
616777
616888
616999
617111
617222
617333
617555
617666
617777
617888
617999
618111
618222
618333
618555
618666
618777
618888
618999
619111
619222
619333
619555
619666
619777
619888
619999
621111
621222
621333
621555
621666
621777
621888
621999
622111
622222
622333
622555
622666
622777
622888
622999
623111
623222
623333
623555
623666
623777
623888
623999
625111
625222
625333
625555
625666
625777
625888
625999
626111
626222
626333
626555
626666
626777
626888
626999
627111
627222
627333
627555
627666
627777
627888
627999
628111
628222
628333
628555
628666
628777
628888
628999
629111
629222
629333
629555
629666
629777
629888
629999
631111
631222
631333
631555
631666
631777
631888
631999
632111
632222
632333
632555
632666
632777
632888
632999
633111
633222
633333
633555
633666
633777
633888
633999
635111
635222
635333
635555
635666
635777
635888
635999
636111
636222
636333
636555
636666
636777
636888
636999
637111
637222
637333
637555
637666
637777
637888
637999
638111
638222
638333
638555
638666
638777
638888
638999
639111
639222
639333
639555
639666
639777
639888
639999
651111
651222
651333
651555
651666
651777
651888
651999
652111
652222
652333
652555
652666
652777
652888
652999
653111
653222
653333
653555
653666
653777
653888
653999
655111
655222
655333
655555
655666
655777
655888
655999
656111
656222
656333
656555
656666
656777
656888
656999
657111
657222
657333
657555
657666
657777
657888
657999
658111
658222
658333
658555
658666
658777
658888
658999
659111
659222
659333
659555
659666
659777
659888
659999
661111
661222
661333
661555
661666
661777
661888
661999
662111
662222
662333
662555
662666
662777
662888
662999
663111
663222
663333
663555
663666
663777
663888
663999
665111
665222
665333
665555
665666
665777
665888
665999
666111
666222
666333
666555
666666
666777
666888
666999
667111
667222
667333
667555
667666
667777
667888
667999
668111
668222
668333
668555
668666
668777
668888
668999
669111
669222
669333
669555
669666
669777
669888
669999
671111
671222
671333
671555
671666
671777
671888
671999
672111
672222
672333
672555
672666
672777
672888
672999
673111
673222
673333
673555
673666
673777
673888
673999
675111
675222
675333
675555
675666
675777
675888
675999
676111
676222
676333
676555
676666
676777
676888
676999
677111
677222
677333
677555
677666
677777
677888
677999
678111
678222
678333
678555
678666
678777
678888
678999
679111
679222
679333
679555
679666
679777
679888
679999
681111
681222
681333
681555
681666
681777
681888
681999
682111
682222
682333
682555
682666
682777
682888
682999
683111
683222
683333
683555
683666
683777
683888
683999
685111
685222
685333
685555
685666
685777
685888
685999
686111
686222
686333
686555
686666
686777
686888
686999
687111
687222
687333
687555
687666
687777
687888
687999
688111
688222
688333
688555
688666
688777
688888
688999
689111
689222
689333
689555
689666
689777
689888
689999
691111
691222
691333
691555
691666
691777
691888
691999
692111
692222
692333
692555
692666
692777
692888
692999
693111
693222
693333
693555
693666
693777
693888
693999
695111
695222
695333
695555
695666
695777
695888
695999
696111
696222
696333
696555
696666
696777
696888
696999
697111
697222
697333
697555
697666
697777
697888
697999
698111
698222
698333
698555
698666
698777
698888
698999
699111
699222
699333
699555
699666
699777
699888
699999
711111
711222
711333
711555
711666
711777
711888
711999
712111
712222
712333
712555
712666
712777
712888
712999
713111
713222
713333
713555
713666
713777
713888
713999
715111
715222
715333
715555
715666
715777
715888
715999
716111
716222
716333
716555
716666
716777
716888
716999
717111
717222
717333
717555
717666
717777
717888
717999
718111
718222
718333
718555
718666
718777
718888
718999
719111
719222
719333
719555
719666
719777
719888
719999
721111
721222
721333
721555
721666
721777
721888
721999
722111
722222
722333
722555
722666
722777
722888
722999
723111
723222
723333
723555
723666
723777
723888
723999
725111
725222
725333
725555
725666
725777
725888
725999
726111
726222
726333
726555
726666
726777
726888
726999
727111
727222
727333
727555
727666
727777
727888
727999
728111
728222
728333
728555
728666
728777
728888
728999
729111
729222
729333
729555
729666
729777
729888
729999
731111
731222
731333
731555
731666
731777
731888
731999
732111
732222
732333
732555
732666
732777
732888
732999
733111
733222
733333
733555
733666
733777
733888
733999
735111
735222
735333
735555
735666
735777
735888
735999
736111
736222
736333
736555
736666
736777
736888
736999
737111
737222
737333
737555
737666
737777
737888
737999
738111
738222
738333
738555
738666
738777
738888
738999
739111
739222
739333
739555
739666
739777
739888
739999
751111
751222
751333
751555
751666
751777
751888
751999
752111
752222
752333
752555
752666
752777
752888
752999
753111
753222
753333
753555
753666
753777
753888
753999
755111
755222
755333
755555
755666
755777
755888
755999
756111
756222
756333
756555
756666
756777
756888
756999
757111
757222
757333
757555
757666
757777
757888
757999
758111
758222
758333
758555
758666
758777
758888
758999
759111
759222
759333
759555
759666
759777
759888
759999
761111
761222
761333
761555
761666
761777
761888
761999
762111
762222
762333
762555
762666
762777
762888
762999
763111
763222
763333
763555
763666
763777
763888
763999
765111
765222
765333
765555
765666
765777
765888
765999
766111
766222
766333
766555
766666
766777
766888
766999
767111
767222
767333
767555
767666
767777
767888
767999
768111
768222
768333
768555
768666
768777
768888
768999
769111
769222
769333
769555
769666
769777
769888
769999
771111
771222
771333
771555
771666
771777
771888
771999
772111
772222
772333
772555
772666
772777
772888
772999
773111
773222
773333
773555
773666
773777
773888
773999
775111
775222
775333
775555
775666
775777
775888
775999
776111
776222
776333
776555
776666
776777
776888
776999
777111
777222
777333
777555
777666
777777
777888
777999
778111
778222
778333
778555
778666
778777
778888
778999
779111
779222
779333
779555
779666
779777
779888
779999
781111
781222
781333
781555
781666
781777
781888
781999
782111
782222
782333
782555
782666
782777
782888
782999
783111
783222
783333
783555
783666
783777
783888
783999
785111
785222
785333
785555
785666
785777
785888
785999
786111
786222
786333
786555
786666
786777
786888
786999
787111
787222
787333
787555
787666
787777
787888
787999
788111
788222
788333
788555
788666
788777
788888
788999
789111
789222
789333
789555
789666
789777
789888
789999
791111
791222
791333
791555
791666
791777
791888
791999
792111
792222
792333
792555
792666
792777
792888
792999
793111
793222
793333
793555
793666
793777
793888
793999
795111
795222
795333
795555
795666
795777
795888
795999
796111
796222
796333
796555
796666
796777
796888
796999
797111
797222
797333
797555
797666
797777
797888
797999
798111
798222
798333
798555
798666
798777
798888
798999
799111
799222
799333
799555
799666
799777
799888
799999
811111
811222
811333
811555
811666
811777
811888
811999
812111
812222
812333
812555
812666
812777
812888
812999
813111
813222
813333
813555
813666
813777
813888
813999
815111
815222
815333
815555
815666
815777
815888
815999
816111
816222
816333
816555
816666
816777
816888
816999
817111
817222
817333
817555
817666
817777
817888
817999
818111
818222
818333
818555
818666
818777
818888
818999
819111
819222
819333
819555
819666
819777
819888
819999
821111
821222
821333
821555
821666
821777
821888
821999
822111
822222
822333
822555
822666
822777
822888
822999
823111
823222
823333
823555
823666
823777
823888
823999
825111
825222
825333
825555
825666
825777
825888
825999
826111
826222
826333
826555
826666
826777
826888
826999
827111
827222
827333
827555
827666
827777
827888
827999
828111
828222
828333
828555
828666
828777
828888
828999
829111
829222
829333
829555
829666
829777
829888
829999
831111
831222
831333
831555
831666
831777
831888
831999
832111
832222
832333
832555
832666
832777
832888
832999
833111
833222
833333
833555
833666
833777
833888
833999
835111
835222
835333
835555
835666
835777
835888
835999
836111
836222
836333
836555
836666
836777
836888
836999
837111
837222
837333
837555
837666
837777
837888
837999
838111
838222
838333
838555
838666
838777
838888
838999
839111
839222
839333
839555
839666
839777
839888
839999
851111
851222
851333
851555
851666
851777
851888
851999
852111
852222
852333
852555
852666
852777
852888
852999
853111
853222
853333
853555
853666
853777
853888
853999
855111
855222
855333
855555
855666
855777
855888
855999
856111
856222
856333
856555
856666
856777
856888
856999
857111
857222
857333
857555
857666
857777
857888
857999
858111
858222
858333
858555
858666
858777
858888
858999
859111
859222
859333
859555
859666
859777
859888
859999
861111
861222
861333
861555
861666
861777
861888
861999
862111
862222
862333
862555
862666
862777
862888
862999
863111
863222
863333
863555
863666
863777
863888
863999
865111
865222
865333
865555
865666
865777
865888
865999
866111
866222
866333
866555
866666
866777
866888
866999
867111
867222
867333
867555
867666
867777
867888
867999
868111
868222
868333
868555
868666
868777
868888
868999
869111
869222
869333
869555
869666
869777
869888
869999
871111
871222
871333
871555
871666
871777
871888
871999
872111
872222
872333
872555
872666
872777
872888
872999
873111
873222
873333
873555
873666
873777
873888
873999
875111
875222
875333
875555
875666
875777
875888
875999
876111
876222
876333
876555
876666
876777
876888
876999
877111
877222
877333
877555
877666
877777
877888
877999
878111
878222
878333
878555
878666
878777
878888
878999
879111
879222
879333
879555
879666
879777
879888
879999
881111
881222
881333
881555
881666
881777
881888
881999
882111
882222
882333
882555
882666
882777
882888
882999
883111
883222
883333
883555
883666
883777
883888
883999
885111
885222
885333
885555
885666
885777
885888
885999
886111
886222
886333
886555
886666
886777
886888
886999
887111
887222
887333
887555
887666
887777
887888
887999
888111
888222
888333
888555
888666
888777
888888
888999
889111
889222
889333
889555
889666
889777
889888
889999
891111
891222
891333
891555
891666
891777
891888
891999
892111
892222
892333
892555
892666
892777
892888
892999
893111
893222
893333
893555
893666
893777
893888
893999
895111
895222
895333
895555
895666
895777
895888
895999
896111
896222
896333
896555
896666
896777
896888
896999
897111
897222
897333
897555
897666
897777
897888
897999
898111
898222
898333
898555
898666
898777
898888
898999
899111
899222
899333
899555
899666
899777
899888
899999
911111
911222
911333
911555
911666
911777
911888
911999
912111
912222
912333
912555
912666
912777
912888
912999
913111
913222
913333
913555
913666
913777
913888
913999
915111
915222
915333
915555
915666
915777
915888
915999
916111
916222
916333
916555
916666
916777
916888
916999
917111
917222
917333
917555
917666
917777
917888
917999
918111
918222
918333
918555
918666
918777
918888
918999
919111
919222
919333
919555
919666
919777
919888
919999
921111
921222
921333
921555
921666
921777
921888
921999
922111
922222
922333
922555
922666
922777
922888
922999
923111
923222
923333
923555
923666
923777
923888
923999
925111
925222
925333
925555
925666
925777
925888
925999
926111
926222
926333
926555
926666
926777
926888
926999
927111
927222
927333
927555
927666
927777
927888
927999
928111
928222
928333
928555
928666
928777
928888
928999
929111
929222
929333
929555
929666
929777
929888
929999
931111
931222
931333
931555
931666
931777
931888
931999
932111
932222
932333
932555
932666
932777
932888
932999
933111
933222
933333
933555
933666
933777
933888
933999
935111
935222
935333
935555
935666
935777
935888
935999
936111
936222
936333
936555
936666
936777
936888
936999
937111
937222
937333
937555
937666
937777
937888
937999
938111
938222
938333
938555
938666
938777
938888
938999
939111
939222
939333
939555
939666
939777
939888
939999
951111
951222
951333
951555
951666
951777
951888
951999
952111
952222
952333
952555
952666
952777
952888
952999
953111
953222
953333
953555
953666
953777
953888
953999
955111
955222
955333
955555
955666
955777
955888
955999
956111
956222
956333
956555
956666
956777
956888
956999
957111
957222
957333
957555
957666
957777
957888
957999
958111
958222
958333
958555
958666
958777
958888
958999
959111
959222
959333
959555
959666
959777
959888
959999
961111
961222
961333
961555
961666
961777
961888
961999
962111
962222
962333
962555
962666
962777
962888
962999
963111
963222
963333
963555
963666
963777
963888
963999
965111
965222
965333
965555
965666
965777
965888
965999
966111
966222
966333
966555
966666
966777
966888
966999
967111
967222
967333
967555
967666
967777
967888
967999
968111
968222
968333
968555
968666
968777
968888
968999
969111
969222
969333
969555
969666
969777
969888
969999
971111
971222
971333
971555
971666
971777
971888
971999
972111
972222
972333
972555
972666
972777
972888
972999
973111
973222
973333
973555
973666
973777
973888
973999
975111
975222
975333
975555
975666
975777
975888
975999
976111
976222
976333
976555
976666
976777
976888
976999
977111
977222
977333
977555
977666
977777
977888
977999
978111
978222
978333
978555
978666
978777
978888
978999
979111
979222
979333
979555
979666
979777
979888
979999
981111
981222
981333
981555
981666
981777
981888
981999
982111
982222
982333
982555
982666
982777
982888
982999
983111
983222
983333
983555
983666
983777
983888
983999
985111
985222
985333
985555
985666
985777
985888
985999
986111
986222
986333
986555
986666
986777
986888
986999
987111
987222
987333
987555
987666
987777
987888
987999
988111
988222
988333
988555
988666
988777
988888
988999
989111
989222
989333
989555
989666
989777
989888
989999
991111
991222
991333
991555
991666
991777
991888
991999
992111
992222
992333
992555
992666
992777
992888
992999
993111
993222
993333
993555
993666
993777
993888
993999
995111
995222
995333
995555
995666
995777
995888
995999
996111
996222
996333
996555
996666
996777
996888
996999
997111
997222
997333
997555
997666
997777
997888
997999
998111
998222
998333
998555
998666
998777
998888
998999
999111
999222
999333
999555
999666
999777
999888
999999
111111
111112
111113
111115
111116
111117
111118
111119
111121
111122
111123
111125
111126
111127
111128
111129
111131
111132
111133
111135
111136
111137
111138
111139
111151
111152
111153
111155
111156
111157
111158
111159
111161
111162
111163
111165
111166
111167
111168
111169
111171
111172
111173
111175
111176
111177
111178
111179
111181
111182
111183
111185
111186
111187
111188
111189
111191
111192
111193
111195
111196
111197
111198
111199
111211
111212
111213
111215
111216
111217
111218
111219
111221
111222
111223
111225
111226
111227
111228
111229
111231
111232
111233
111235
111236
111237
111238
111239
111251
111252
111253
111255
111256
111257
111258
111259
111261
111262
111263
111265
111266
111267
111268
111269
111271
111272
111273
111275
111276
111277
111278
111279
111281
111282
111283
111285
111286
111287
111288
111289
111291
111292
111293
111295
111296
111297
111298
111299
111311
111312
111313
111315
111316
111317
111318
111319
111321
111322
111323
111325
111326
111327
111328
111329
111331
111332
111333
111335
111336
111337
111338
111339
111351
111352
111353
111355
111356
111357
111358
111359
111361
111362
111363
111365
111366
111367
111368
111369
111371
111372
111373
111375
111376
111377
111378
111379
111381
111382
111383
111385
111386
111387
111388
111389
111391
111392
111393
111395
111396
111397
111398
111399
111511
111512
111513
111515
111516
111517
111518
111519
111521
111522
111523
111525
111526
111527
111528
111529
111531
111532
111533
111535
111536
111537
111538
111539
111551
111552
111553
111555
111556
111557
111558
111559
111561
111562
111563
111565
111566
111567
111568
111569
111571
111572
111573
111575
111576
111577
111578
111579
111581
111582
111583
111585
111586
111587
111588
111589
111591
111592
111593
111595
111596
111597
111598
111599
111611
111612
111613
111615
111616
111617
111618
111619
111621
111622
111623
111625
111626
111627
111628
111629
111631
111632
111633
111635
111636
111637
111638
111639
111651
111652
111653
111655
111656
111657
111658
111659
111661
111662
111663
111665
111666
111667
111668
111669
111671
111672
111673
111675
111676
111677
111678
111679
111681
111682
111683
111685
111686
111687
111688
111689
111691
111692
111693
111695
111696
111697
111698
111699
111711
111712
111713
111715
111716
111717
111718
111719
111721
111722
111723
111725
111726
111727
111728
111729
111731
111732
111733
111735
111736
111737
111738
111739
111751
111752
111753
111755
111756
111757
111758
111759
111761
111762
111763
111765
111766
111767
111768
111769
111771
111772
111773
111775
111776
111777
111778
111779
111781
111782
111783
111785
111786
111787
111788
111789
111791
111792
111793
111795
111796
111797
111798
111799
111811
111812
111813
111815
111816
111817
111818
111819
111821
111822
111823
111825
111826
111827
111828
111829
111831
111832
111833
111835
111836
111837
111838
111839
111851
111852
111853
111855
111856
111857
111858
111859
111861
111862
111863
111865
111866
111867
111868
111869
111871
111872
111873
111875
111876
111877
111878
111879
111881
111882
111883
111885
111886
111887
111888
111889
111891
111892
111893
111895
111896
111897
111898
111899
111911
111912
111913
111915
111916
111917
111918
111919
111921
111922
111923
111925
111926
111927
111928
111929
111931
111932
111933
111935
111936
111937
111938
111939
111951
111952
111953
111955
111956
111957
111958
111959
111961
111962
111963
111965
111966
111967
111968
111969
111971
111972
111973
111975
111976
111977
111978
111979
111981
111982
111983
111985
111986
111987
111988
111989
111991
111992
111993
111995
111996
111997
111998
111999
222111
222112
222113
222115
222116
222117
222118
222119
222121
222122
222123
222125
222126
222127
222128
222129
222131
222132
222133
222135
222136
222137
222138
222139
222151
222152
222153
222155
222156
222157
222158
222159
222161
222162
222163
222165
222166
222167
222168
222169
222171
222172
222173
222175
222176
222177
222178
222179
222181
222182
222183
222185
222186
222187
222188
222189
222191
222192
222193
222195
222196
222197
222198
222199
222211
222212
222213
222215
222216
222217
222218
222219
222221
222222
222223
222225
222226
222227
222228
222229
222231
222232
222233
222235
222236
222237
222238
222239
222251
222252
222253
222255
222256
222257
222258
222259
222261
222262
222263
222265
222266
222267
222268
222269
222271
222272
222273
222275
222276
222277
222278
222279
222281
222282
222283
222285
222286
222287
222288
222289
222291
222292
222293
222295
222296
222297
222298
222299
222311
222312
222313
222315
222316
222317
222318
222319
222321
222322
222323
222325
222326
222327
222328
222329
222331
222332
222333
222335
222336
222337
222338
222339
222351
222352
222353
222355
222356
222357
222358
222359
222361
222362
222363
222365
222366
222367
222368
222369
222371
222372
222373
222375
222376
222377
222378
222379
222381
222382
222383
222385
222386
222387
222388
222389
222391
222392
222393
222395
222396
222397
222398
222399
222511
222512
222513
222515
222516
222517
222518
222519
222521
222522
222523
222525
222526
222527
222528
222529
222531
222532
222533
222535
222536
222537
222538
222539
222551
222552
222553
222555
222556
222557
222558
222559
222561
222562
222563
222565
222566
222567
222568
222569
222571
222572
222573
222575
222576
222577
222578
222579
222581
222582
222583
222585
222586
222587
222588
222589
222591
222592
222593
222595
222596
222597
222598
222599
222611
222612
222613
222615
222616
222617
222618
222619
222621
222622
222623
222625
222626
222627
222628
222629
222631
222632
222633
222635
222636
222637
222638
222639
222651
222652
222653
222655
222656
222657
222658
222659
222661
222662
222663
222665
222666
222667
222668
222669
222671
222672
222673
222675
222676
222677
222678
222679
222681
222682
222683
222685
222686
222687
222688
222689
222691
222692
222693
222695
222696
222697
222698
222699
222711
222712
222713
222715
222716
222717
222718
222719
222721
222722
222723
222725
222726
222727
222728
222729
222731
222732
222733
222735
222736
222737
222738
222739
222751
222752
222753
222755
222756
222757
222758
222759
222761
222762
222763
222765
222766
222767
222768
222769
222771
222772
222773
222775
222776
222777
222778
222779
222781
222782
222783
222785
222786
222787
222788
222789
222791
222792
222793
222795
222796
222797
222798
222799
222811
222812
222813
222815
222816
222817
222818
222819
222821
222822
222823
222825
222826
222827
222828
222829
222831
222832
222833
222835
222836
222837
222838
222839
222851
222852
222853
222855
222856
222857
222858
222859
222861
222862
222863
222865
222866
222867
222868
222869
222871
222872
222873
222875
222876
222877
222878
222879
222881
222882
222883
222885
222886
222887
222888
222889
222891
222892
222893
222895
222896
222897
222898
222899
222911
222912
222913
222915
222916
222917
222918
222919
222921
222922
222923
222925
222926
222927
222928
222929
222931
222932
222933
222935
222936
222937
222938
222939
222951
222952
222953
222955
222956
222957
222958
222959
222961
222962
222963
222965
222966
222967
222968
222969
222971
222972
222973
222975
222976
222977
222978
222979
222981
222982
222983
222985
222986
222987
222988
222989
222991
222992
222993
222995
222996
222997
222998
222999
333111
333112
333113
333115
333116
333117
333118
333119
333121
333122
333123
333125
333126
333127
333128
333129
333131
333132
333133
333135
333136
333137
333138
333139
333151
333152
333153
333155
333156
333157
333158
333159
333161
333162
333163
333165
333166
333167
333168
333169
333171
333172
333173
333175
333176
333177
333178
333179
333181
333182
333183
333185
333186
333187
333188
333189
333191
333192
333193
333195
333196
333197
333198
333199
333211
333212
333213
333215
333216
333217
333218
333219
333221
333222
333223
333225
333226
333227
333228
333229
333231
333232
333233
333235
333236
333237
333238
333239
333251
333252
333253
333255
333256
333257
333258
333259
333261
333262
333263
333265
333266
333267
333268
333269
333271
333272
333273
333275
333276
333277
333278
333279
333281
333282
333283
333285
333286
333287
333288
333289
333291
333292
333293
333295
333296
333297
333298
333299
333311
333312
333313
333315
333316
333317
333318
333319
333321
333322
333323
333325
333326
333327
333328
333329
333331
333332
333333
333335
333336
333337
333338
333339
333351
333352
333353
333355
333356
333357
333358
333359
333361
333362
333363
333365
333366
333367
333368
333369
333371
333372
333373
333375
333376
333377
333378
333379
333381
333382
333383
333385
333386
333387
333388
333389
333391
333392
333393
333395
333396
333397
333398
333399
333511
333512
333513
333515
333516
333517
333518
333519
333521
333522
333523
333525
333526
333527
333528
333529
333531
333532
333533
333535
333536
333537
333538
333539
333551
333552
333553
333555
333556
333557
333558
333559
333561
333562
333563
333565
333566
333567
333568
333569
333571
333572
333573
333575
333576
333577
333578
333579
333581
333582
333583
333585
333586
333587
333588
333589
333591
333592
333593
333595
333596
333597
333598
333599
333611
333612
333613
333615
333616
333617
333618
333619
333621
333622
333623
333625
333626
333627
333628
333629
333631
333632
333633
333635
333636
333637
333638
333639
333651
333652
333653
333655
333656
333657
333658
333659
333661
333662
333663
333665
333666
333667
333668
333669
333671
333672
333673
333675
333676
333677
333678
333679
333681
333682
333683
333685
333686
333687
333688
333689
333691
333692
333693
333695
333696
333697
333698
333699
333711
333712
333713
333715
333716
333717
333718
333719
333721
333722
333723
333725
333726
333727
333728
333729
333731
333732
333733
333735
333736
333737
333738
333739
333751
333752
333753
333755
333756
333757
333758
333759
333761
333762
333763
333765
333766
333767
333768
333769
333771
333772
333773
333775
333776
333777
333778
333779
333781
333782
333783
333785
333786
333787
333788
333789
333791
333792
333793
333795
333796
333797
333798
333799
333811
333812
333813
333815
333816
333817
333818
333819
333821
333822
333823
333825
333826
333827
333828
333829
333831
333832
333833
333835
333836
333837
333838
333839
333851
333852
333853
333855
333856
333857
333858
333859
333861
333862
333863
333865
333866
333867
333868
333869
333871
333872
333873
333875
333876
333877
333878
333879
333881
333882
333883
333885
333886
333887
333888
333889
333891
333892
333893
333895
333896
333897
333898
333899
333911
333912
333913
333915
333916
333917
333918
333919
333921
333922
333923
333925
333926
333927
333928
333929
333931
333932
333933
333935
333936
333937
333938
333939
333951
333952
333953
333955
333956
333957
333958
333959
333961
333962
333963
333965
333966
333967
333968
333969
333971
333972
333973
333975
333976
333977
333978
333979
333981
333982
333983
333985
333986
333987
333988
333989
333991
333992
333993
333995
333996
333997
333998
333999
555111
555112
555113
555115
555116
555117
555118
555119
555121
555122
555123
555125
555126
555127
555128
555129
555131
555132
555133
555135
555136
555137
555138
555139
555151
555152
555153
555155
555156
555157
555158
555159
555161
555162
555163
555165
555166
555167
555168
555169
555171
555172
555173
555175
555176
555177
555178
555179
555181
555182
555183
555185
555186
555187
555188
555189
555191
555192
555193
555195
555196
555197
555198
555199
555211
555212
555213
555215
555216
555217
555218
555219
555221
555222
555223
555225
555226
555227
555228
555229
555231
555232
555233
555235
555236
555237
555238
555239
555251
555252
555253
555255
555256
555257
555258
555259
555261
555262
555263
555265
555266
555267
555268
555269
555271
555272
555273
555275
555276
555277
555278
555279
555281
555282
555283
555285
555286
555287
555288
555289
555291
555292
555293
555295
555296
555297
555298
555299
555311
555312
555313
555315
555316
555317
555318
555319
555321
555322
555323
555325
555326
555327
555328
555329
555331
555332
555333
555335
555336
555337
555338
555339
555351
555352
555353
555355
555356
555357
555358
555359
555361
555362
555363
555365
555366
555367
555368
555369
555371
555372
555373
555375
555376
555377
555378
555379
555381
555382
555383
555385
555386
555387
555388
555389
555391
555392
555393
555395
555396
555397
555398
555399
555511
555512
555513
555515
555516
555517
555518
555519
555521
555522
555523
555525
555526
555527
555528
555529
555531
555532
555533
555535
555536
555537
555538
555539
555551
555552
555553
555555
555556
555557
555558
555559
555561
555562
555563
555565
555566
555567
555568
555569
555571
555572
555573
555575
555576
555577
555578
555579
555581
555582
555583
555585
555586
555587
555588
555589
555591
555592
555593
555595
555596
555597
555598
555599
555611
555612
555613
555615
555616
555617
555618
555619
555621
555622
555623
555625
555626
555627
555628
555629
555631
555632
555633
555635
555636
555637
555638
555639
555651
555652
555653
555655
555656
555657
555658
555659
555661
555662
555663
555665
555666
555667
555668
555669
555671
555672
555673
555675
555676
555677
555678
555679
555681
555682
555683
555685
555686
555687
555688
555689
555691
555692
555693
555695
555696
555697
555698
555699
555711
555712
555713
555715
555716
555717
555718
555719
555721
555722
555723
555725
555726
555727
555728
555729
555731
555732
555733
555735
555736
555737
555738
555739
555751
555752
555753
555755
555756
555757
555758
555759
555761
555762
555763
555765
555766
555767
555768
555769
555771
555772
555773
555775
555776
555777
555778
555779
555781
555782
555783
555785
555786
555787
555788
555789
555791
555792
555793
555795
555796
555797
555798
555799
555811
555812
555813
555815
555816
555817
555818
555819
555821
555822
555823
555825
555826
555827
555828
555829
555831
555832
555833
555835
555836
555837
555838
555839
555851
555852
555853
555855
555856
555857
555858
555859
555861
555862
555863
555865
555866
555867
555868
555869
555871
555872
555873
555875
555876
555877
555878
555879
555881
555882
555883
555885
555886
555887
555888
555889
555891
555892
555893
555895
555896
555897
555898
555899
555911
555912
555913
555915
555916
555917
555918
555919
555921
555922
555923
555925
555926
555927
555928
555929
555931
555932
555933
555935
555936
555937
555938
555939
555951
555952
555953
555955
555956
555957
555958
555959
555961
555962
555963
555965
555966
555967
555968
555969
555971
555972
555973
555975
555976
555977
555978
555979
555981
555982
555983
555985
555986
555987
555988
555989
555991
555992
555993
555995
555996
555997
555998
555999
666111
666112
666113
666115
666116
666117
666118
666119
666121
666122
666123
666125
666126
666127
666128
666129
666131
666132
666133
666135
666136
666137
666138
666139
666151
666152
666153
666155
666156
666157
666158
666159
666161
666162
666163
666165
666166
666167
666168
666169
666171
666172
666173
666175
666176
666177
666178
666179
666181
666182
666183
666185
666186
666187
666188
666189
666191
666192
666193
666195
666196
666197
666198
666199
666211
666212
666213
666215
666216
666217
666218
666219
666221
666222
666223
666225
666226
666227
666228
666229
666231
666232
666233
666235
666236
666237
666238
666239
666251
666252
666253
666255
666256
666257
666258
666259
666261
666262
666263
666265
666266
666267
666268
666269
666271
666272
666273
666275
666276
666277
666278
666279
666281
666282
666283
666285
666286
666287
666288
666289
666291
666292
666293
666295
666296
666297
666298
666299
666311
666312
666313
666315
666316
666317
666318
666319
666321
666322
666323
666325
666326
666327
666328
666329
666331
666332
666333
666335
666336
666337
666338
666339
666351
666352
666353
666355
666356
666357
666358
666359
666361
666362
666363
666365
666366
666367
666368
666369
666371
666372
666373
666375
666376
666377
666378
666379
666381
666382
666383
666385
666386
666387
666388
666389
666391
666392
666393
666395
666396
666397
666398
666399
666511
666512
666513
666515
666516
666517
666518
666519
666521
666522
666523
666525
666526
666527
666528
666529
666531
666532
666533
666535
666536
666537
666538
666539
666551
666552
666553
666555
666556
666557
666558
666559
666561
666562
666563
666565
666566
666567
666568
666569
666571
666572
666573
666575
666576
666577
666578
666579
666581
666582
666583
666585
666586
666587
666588
666589
666591
666592
666593
666595
666596
666597
666598
666599
666611
666612
666613
666615
666616
666617
666618
666619
666621
666622
666623
666625
666626
666627
666628
666629
666631
666632
666633
666635
666636
666637
666638
666639
666651
666652
666653
666655
666656
666657
666658
666659
666661
666662
666663
666665
666666
666667
666668
666669
666671
666672
666673
666675
666676
666677
666678
666679
666681
666682
666683
666685
666686
666687
666688
666689
666691
666692
666693
666695
666696
666697
666698
666699
666711
666712
666713
666715
666716
666717
666718
666719
666721
666722
666723
666725
666726
666727
666728
666729
666731
666732
666733
666735
666736
666737
666738
666739
666751
666752
666753
666755
666756
666757
666758
666759
666761
666762
666763
666765
666766
666767
666768
666769
666771
666772
666773
666775
666776
666777
666778
666779
666781
666782
666783
666785
666786
666787
666788
666789
666791
666792
666793
666795
666796
666797
666798
666799
666811
666812
666813
666815
666816
666817
666818
666819
666821
666822
666823
666825
666826
666827
666828
666829
666831
666832
666833
666835
666836
666837
666838
666839
666851
666852
666853
666855
666856
666857
666858
666859
666861
666862
666863
666865
666866
666867
666868
666869
666871
666872
666873
666875
666876
666877
666878
666879
666881
666882
666883
666885
666886
666887
666888
666889
666891
666892
666893
666895
666896
666897
666898
666899
666911
666912
666913
666915
666916
666917
666918
666919
666921
666922
666923
666925
666926
666927
666928
666929
666931
666932
666933
666935
666936
666937
666938
666939
666951
666952
666953
666955
666956
666957
666958
666959
666961
666962
666963
666965
666966
666967
666968
666969
666971
666972
666973
666975
666976
666977
666978
666979
666981
666982
666983
666985
666986
666987
666988
666989
666991
666992
666993
666995
666996
666997
666998
666999
777111
777112
777113
777115
777116
777117
777118
777119
777121
777122
777123
777125
777126
777127
777128
777129
777131
777132
777133
777135
777136
777137
777138
777139
777151
777152
777153
777155
777156
777157
777158
777159
777161
777162
777163
777165
777166
777167
777168
777169
777171
777172
777173
777175
777176
777177
777178
777179
777181
777182
777183
777185
777186
777187
777188
777189
777191
777192
777193
777195
777196
777197
777198
777199
777211
777212
777213
777215
777216
777217
777218
777219
777221
777222
777223
777225
777226
777227
777228
777229
777231
777232
777233
777235
777236
777237
777238
777239
777251
777252
777253
777255
777256
777257
777258
777259
777261
777262
777263
777265
777266
777267
777268
777269
777271
777272
777273
777275
777276
777277
777278
777279
777281
777282
777283
777285
777286
777287
777288
777289
777291
777292
777293
777295
777296
777297
777298
777299
777311
777312
777313
777315
777316
777317
777318
777319
777321
777322
777323
777325
777326
777327
777328
777329
777331
777332
777333
777335
777336
777337
777338
777339
777351
777352
777353
777355
777356
777357
777358
777359
777361
777362
777363
777365
777366
777367
777368
777369
777371
777372
777373
777375
777376
777377
777378
777379
777381
777382
777383
777385
777386
777387
777388
777389
777391
777392
777393
777395
777396
777397
777398
777399
777511
777512
777513
777515
777516
777517
777518
777519
777521
777522
777523
777525
777526
777527
777528
777529
777531
777532
777533
777535
777536
777537
777538
777539
777551
777552
777553
777555
777556
777557
777558
777559
777561
777562
777563
777565
777566
777567
777568
777569
777571
777572
777573
777575
777576
777577
777578
777579
777581
777582
777583
777585
777586
777587
777588
777589
777591
777592
777593
777595
777596
777597
777598
777599
777611
777612
777613
777615
777616
777617
777618
777619
777621
777622
777623
777625
777626
777627
777628
777629
777631
777632
777633
777635
777636
777637
777638
777639
777651
777652
777653
777655
777656
777657
777658
777659
777661
777662
777663
777665
777666
777667
777668
777669
777671
777672
777673
777675
777676
777677
777678
777679
777681
777682
777683
777685
777686
777687
777688
777689
777691
777692
777693
777695
777696
777697
777698
777699
777711
777712
777713
777715
777716
777717
777718
777719
777721
777722
777723
777725
777726
777727
777728
777729
777731
777732
777733
777735
777736
777737
777738
777739
777751
777752
777753
777755
777756
777757
777758
777759
777761
777762
777763
777765
777766
777767
777768
777769
777771
777772
777773
777775
777776
777777
777778
777779
777781
777782
777783
777785
777786
777787
777788
777789
777791
777792
777793
777795
777796
777797
777798
777799
777811
777812
777813
777815
777816
777817
777818
777819
777821
777822
777823
777825
777826
777827
777828
777829
777831
777832
777833
777835
777836
777837
777838
777839
777851
777852
777853
777855
777856
777857
777858
777859
777861
777862
777863
777865
777866
777867
777868
777869
777871
777872
777873
777875
777876
777877
777878
777879
777881
777882
777883
777885
777886
777887
777888
777889
777891
777892
777893
777895
777896
777897
777898
777899
777911
777912
777913
777915
777916
777917
777918
777919
777921
777922
777923
777925
777926
777927
777928
777929
777931
777932
777933
777935
777936
777937
777938
777939
777951
777952
777953
777955
777956
777957
777958
777959
777961
777962
777963
777965
777966
777967
777968
777969
777971
777972
777973
777975
777976
777977
777978
777979
777981
777982
777983
777985
777986
777987
777988
777989
777991
777992
777993
777995
777996
777997
777998
777999
888111
888112
888113
888115
888116
888117
888118
888119
888121
888122
888123
888125
888126
888127
888128
888129
888131
888132
888133
888135
888136
888137
888138
888139
888151
888152
888153
888155
888156
888157
888158
888159
888161
888162
888163
888165
888166
888167
888168
888169
888171
888172
888173
888175
888176
888177
888178
888179
888181
888182
888183
888185
888186
888187
888188
888189
888191
888192
888193
888195
888196
888197
888198
888199
888211
888212
888213
888215
888216
888217
888218
888219
888221
888222
888223
888225
888226
888227
888228
888229
888231
888232
888233
888235
888236
888237
888238
888239
888251
888252
888253
888255
888256
888257
888258
888259
888261
888262
888263
888265
888266
888267
888268
888269
888271
888272
888273
888275
888276
888277
888278
888279
888281
888282
888283
888285
888286
888287
888288
888289
888291
888292
888293
888295
888296
888297
888298
888299
888311
888312
888313
888315
888316
888317
888318
888319
888321
888322
888323
888325
888326
888327
888328
888329
888331
888332
888333
888335
888336
888337
888338
888339
888351
888352
888353
888355
888356
888357
888358
888359
888361
888362
888363
888365
888366
888367
888368
888369
888371
888372
888373
888375
888376
888377
888378
888379
888381
888382
888383
888385
888386
888387
888388
888389
888391
888392
888393
888395
888396
888397
888398
888399
888511
888512
888513
888515
888516
888517
888518
888519
888521
888522
888523
888525
888526
888527
888528
888529
888531
888532
888533
888535
888536
888537
888538
888539
888551
888552
888553
888555
888556
888557
888558
888559
888561
888562
888563
888565
888566
888567
888568
888569
888571
888572
888573
888575
888576
888577
888578
888579
888581
888582
888583
888585
888586
888587
888588
888589
888591
888592
888593
888595
888596
888597
888598
888599
888611
888612
888613
888615
888616
888617
888618
888619
888621
888622
888623
888625
888626
888627
888628
888629
888631
888632
888633
888635
888636
888637
888638
888639
888651
888652
888653
888655
888656
888657
888658
888659
888661
888662
888663
888665
888666
888667
888668
888669
888671
888672
888673
888675
888676
888677
888678
888679
888681
888682
888683
888685
888686
888687
888688
888689
888691
888692
888693
888695
888696
888697
888698
888699
888711
888712
888713
888715
888716
888717
888718
888719
888721
888722
888723
888725
888726
888727
888728
888729
888731
888732
888733
888735
888736
888737
888738
888739
888751
888752
888753
888755
888756
888757
888758
888759
888761
888762
888763
888765
888766
888767
888768
888769
888771
888772
888773
888775
888776
888777
888778
888779
888781
888782
888783
888785
888786
888787
888788
888789
888791
888792
888793
888795
888796
888797
888798
888799
888811
888812
888813
888815
888816
888817
888818
888819
888821
888822
888823
888825
888826
888827
888828
888829
888831
888832
888833
888835
888836
888837
888838
888839
888851
888852
888853
888855
888856
888857
888858
888859
888861
888862
888863
888865
888866
888867
888868
888869
888871
888872
888873
888875
888876
888877
888878
888879
888881
888882
888883
888885
888886
888887
888888
888889
888891
888892
888893
888895
888896
888897
888898
888899
888911
888912
888913
888915
888916
888917
888918
888919
888921
888922
888923
888925
888926
888927
888928
888929
888931
888932
888933
888935
888936
888937
888938
888939
888951
888952
888953
888955
888956
888957
888958
888959
888961
888962
888963
888965
888966
888967
888968
888969
888971
888972
888973
888975
888976
888977
888978
888979
888981
888982
888983
888985
888986
888987
888988
888989
888991
888992
888993
888995
888996
888997
888998
888999
999111
999112
999113
999115
999116
999117
999118
999119
999121
999122
999123
999125
999126
999127
999128
999129
999131
999132
999133
999135
999136
999137
999138
999139
999151
999152
999153
999155
999156
999157
999158
999159
999161
999162
999163
999165
999166
999167
999168
999169
999171
999172
999173
999175
999176
999177
999178
999179
999181
999182
999183
999185
999186
999187
999188
999189
999191
999192
999193
999195
999196
999197
999198
999199
999211
999212
999213
999215
999216
999217
999218
999219
999221
999222
999223
999225
999226
999227
999228
999229
999231
999232
999233
999235
999236
999237
999238
999239
999251
999252
999253
999255
999256
999257
999258
999259
999261
999262
999263
999265
999266
999267
999268
999269
999271
999272
999273
999275
999276
999277
999278
999279
999281
999282
999283
999285
999286
999287
999288
999289
999291
999292
999293
999295
999296
999297
999298
999299
999311
999312
999313
999315
999316
999317
999318
999319
999321
999322
999323
999325
999326
999327
999328
999329
999331
999332
999333
999335
999336
999337
999338
999339
999351
999352
999353
999355
999356
999357
999358
999359
999361
999362
999363
999365
999366
999367
999368
999369
999371
999372
999373
999375
999376
999377
999378
999379
999381
999382
999383
999385
999386
999387
999388
999389
999391
999392
999393
999395
999396
999397
999398
999399
999511
999512
999513
999515
999516
999517
999518
999519
999521
999522
999523
999525
999526
999527
999528
999529
999531
999532
999533
999535
999536
999537
999538
999539
999551
999552
999553
999555
999556
999557
999558
999559
999561
999562
999563
999565
999566
999567
999568
999569
999571
999572
999573
999575
999576
999577
999578
999579
999581
999582
999583
999585
999586
999587
999588
999589
999591
999592
999593
999595
999596
999597
999598
999599
999611
999612
999613
999615
999616
999617
999618
999619
999621
999622
999623
999625
999626
999627
999628
999629
999631
999632
999633
999635
999636
999637
999638
999639
999651
999652
999653
999655
999656
999657
999658
999659
999661
999662
999663
999665
999666
999667
999668
999669
999671
999672
999673
999675
999676
999677
999678
999679
999681
999682
999683
999685
999686
999687
999688
999689
999691
999692
999693
999695
999696
999697
999698
999699
999711
999712
999713
999715
999716
999717
999718
999719
999721
999722
999723
999725
999726
999727
999728
999729
999731
999732
999733
999735
999736
999737
999738
999739
999751
999752
999753
999755
999756
999757
999758
999759
999761
999762
999763
999765
999766
999767
999768
999769
999771
999772
999773
999775
999776
999777
999778
999779
999781
999782
999783
999785
999786
999787
999788
999789
999791
999792
999793
999795
999796
999797
999798
999799
999811
999812
999813
999815
999816
999817
999818
999819
999821
999822
999823
999825
999826
999827
999828
999829
999831
999832
999833
999835
999836
999837
999838
999839
999851
999852
999853
999855
999856
999857
999858
999859
999861
999862
999863
999865
999866
999867
999868
999869
999871
999872
999873
999875
999876
999877
999878
999879
999881
999882
999883
999885
999886
999887
999888
999889
999891
999892
999893
999895
999896
999897
999898
999899
999911
999912
999913
999915
999916
999917
999918
999919
999921
999922
999923
999925
999926
999927
999928
999929
999931
999932
999933
999935
999936
999937
999938
999939
999951
999952
999953
999955
999956
999957
999958
999959
999961
999962
999963
999965
999966
999967
999968
999969
999971
999972
999973
999975
999976
999977
999978
999979
999981
999982
999983
999985
999986
999987
999988
999989
999991
999992
999993
999995
999996
999997
999998
999999
