111111
111222
111333
111444
111555
111666
111777
111888
111999
111000
222111
222222
222333
222444
222555
222666
222777
222888
222999
222000
333111
333222
333333
333444
333555
333666
333777
333888
333999
333000
444111
444222
444333
444444
444555
444666
444777
444888
444999
444000
555111
555222
555333
555444
555555
555666
555777
555888
555999
555000
666111
666222
666333
666444
666555
666666
666777
666888
666999
666000
777111
777222
777333
777444
777555
777666
777777
777888
777999
777000
888111
888222
888333
888444
888555
888666
888777
888888
888999
888000
999111
999222
999333
999444
999555
999666
999777
999888
999999
999000
000111
000222
000333
000444
000555
000666
000777
000888
000999
000000
