111111
111122
111133
111144
111155
111166
111177
111188
111199
111100
112211
112222
112233
112244
112255
112266
112277
112288
112299
112200
113311
113322
113333
113344
113355
113366
113377
113388
113399
113300
114411
114422
114433
114444
114455
114466
114477
114488
114499
114400
115511
115522
115533
115544
115555
115566
115577
115588
115599
115500
116611
116622
116633
116644
116655
116666
116677
116688
116699
116600
117711
117722
117733
117744
117755
117766
117777
117788
117799
117700
118811
118822
118833
118844
118855
118866
118877
118888
118899
118800
119911
119922
119933
119944
119955
119966
119977
119988
119999
119900
110011
110022
110033
110044
110055
110066
110077
110088
110099
110000
221111
221122
221133
221144
221155
221166
221177
221188
221199
221100
222211
222222
222233
222244
222255
222266
222277
222288
222299
222200
223311
223322
223333
223344
223355
223366
223377
223388
223399
223300
224411
224422
224433
224444
224455
224466
224477
224488
224499
224400
225511
225522
225533
225544
225555
225566
225577
225588
225599
225500
226611
226622
226633
226644
226655
226666
226677
226688
226699
226600
227711
227722
227733
227744
227755
227766
227777
227788
227799
227700
228811
228822
228833
228844
228855
228866
228877
228888
228899
228800
229911
229922
229933
229944
229955
229966
229977
229988
229999
229900
220011
220022
220033
220044
220055
220066
220077
220088
220099
220000
331111
331122
331133
331144
331155
331166
331177
331188
331199
331100
332211
332222
332233
332244
332255
332266
332277
332288
332299
332200
333311
333322
333333
333344
333355
333366
333377
333388
333399
333300
334411
334422
334433
334444
334455
334466
334477
334488
334499
334400
335511
335522
335533
335544
335555
335566
335577
335588
335599
335500
336611
336622
336633
336644
336655
336666
336677
336688
336699
336600
337711
337722
337733
337744
337755
337766
337777
337788
337799
337700
338811
338822
338833
338844
338855
338866
338877
338888
338899
338800
339911
339922
339933
339944
339955
339966
339977
339988
339999
339900
330011
330022
330033
330044
330055
330066
330077
330088
330099
330000
441111
441122
441133
441144
441155
441166
441177
441188
441199
441100
442211
442222
442233
442244
442255
442266
442277
442288
442299
442200
443311
443322
443333
443344
443355
443366
443377
443388
443399
443300
444411
444422
444433
444444
444455
444466
444477
444488
444499
444400
445511
445522
445533
445544
445555
445566
445577
445588
445599
445500
446611
446622
446633
446644
446655
446666
446677
446688
446699
446600
447711
447722
447733
447744
447755
447766
447777
447788
447799
447700
448811
448822
448833
448844
448855
448866
448877
448888
448899
448800
449911
449922
449933
449944
449955
449966
449977
449988
449999
449900
440011
440022
440033
440044
440055
440066
440077
440088
440099
440000
551111
551122
551133
551144
551155
551166
551177
551188
551199
551100
552211
552222
552233
552244
552255
552266
552277
552288
552299
552200
553311
553322
553333
553344
553355
553366
553377
553388
553399
553300
554411
554422
554433
554444
554455
554466
554477
554488
554499
554400
555511
555522
555533
555544
555555
555566
555577
555588
555599
555500
556611
556622
556633
556644
556655
556666
556677
556688
556699
556600
557711
557722
557733
557744
557755
557766
557777
557788
557799
557700
558811
558822
558833
558844
558855
558866
558877
558888
558899
558800
559911
559922
559933
559944
559955
559966
559977
559988
559999
559900
550011
550022
550033
550044
550055
550066
550077
550088
550099
550000
661111
661122
661133
661144
661155
661166
661177
661188
661199
661100
662211
662222
662233
662244
662255
662266
662277
662288
662299
662200
663311
663322
663333
663344
663355
663366
663377
663388
663399
663300
664411
664422
664433
664444
664455
664466
664477
664488
664499
664400
665511
665522
665533
665544
665555
665566
665577
665588
665599
665500
666611
666622
666633
666644
666655
666666
666677
666688
666699
666600
667711
667722
667733
667744
667755
667766
667777
667788
667799
667700
668811
668822
668833
668844
668855
668866
668877
668888
668899
668800
669911
669922
669933
669944
669955
669966
669977
669988
669999
669900
660011
660022
660033
660044
660055
660066
660077
660088
660099
660000
771111
771122
771133
771144
771155
771166
771177
771188
771199
771100
772211
772222
772233
772244
772255
772266
772277
772288
772299
772200
773311
773322
773333
773344
773355
773366
773377
773388
773399
773300
774411
774422
774433
774444
774455
774466
774477
774488
774499
774400
775511
775522
775533
775544
775555
775566
775577
775588
775599
775500
776611
776622
776633
776644
776655
776666
776677
776688
776699
776600
777711
777722
777733
777744
777755
777766
777777
777788
777799
777700
778811
778822
778833
778844
778855
778866
778877
778888
778899
778800
779911
779922
779933
779944
779955
779966
779977
779988
779999
779900
770011
770022
770033
770044
770055
770066
770077
770088
770099
770000
881111
881122
881133
881144
881155
881166
881177
881188
881199
881100
882211
882222
882233
882244
882255
882266
882277
882288
882299
882200
883311
883322
883333
883344
883355
883366
883377
883388
883399
883300
884411
884422
884433
884444
884455
884466
884477
884488
884499
884400
885511
885522
885533
885544
885555
885566
885577
885588
885599
885500
886611
886622
886633
886644
886655
886666
886677
886688
886699
886600
887711
887722
887733
887744
887755
887766
887777
887788
887799
887700
888811
888822
888833
888844
888855
888866
888877
888888
888899
888800
889911
889922
889933
889944
889955
889966
889977
889988
889999
889900
880011
880022
880033
880044
880055
880066
880077
880088
880099
880000
991111
991122
991133
991144
991155
991166
991177
991188
991199
991100
992211
992222
992233
992244
992255
992266
992277
992288
992299
992200
993311
993322
993333
993344
993355
993366
993377
993388
993399
993300
994411
994422
994433
994444
994455
994466
994477
994488
994499
994400
995511
995522
995533
995544
995555
995566
995577
995588
995599
995500
996611
996622
996633
996644
996655
996666
996677
996688
996699
996600
997711
997722
997733
997744
997755
997766
997777
997788
997799
997700
998811
998822
998833
998844
998855
998866
998877
998888
998899
998800
999911
999922
999933
999944
999955
999966
999977
999988
999999
999900
990011
990022
990033
990044
990055
990066
990077
990088
990099
990000
001111
001122
001133
001144
001155
001166
001177
001188
001199
001100
002211
002222
002233
002244
002255
002266
002277
002288
002299
002200
003311
003322
003333
003344
003355
003366
003377
003388
003399
003300
004411
004422
004433
004444
004455
004466
004477
004488
004499
004400
005511
005522
005533
005544
005555
005566
005577
005588
005599
005500
006611
006622
006633
006644
006655
006666
006677
006688
006699
006600
007711
007722
007733
007744
007755
007766
007777
007788
007799
007700
008811
008822
008833
008844
008855
008866
008877
008888
008899
008800
009911
009922
009933
009944
009955
009966
009977
009988
009999
009900
000011
000022
000033
000044
000055
000066
000077
000088
000099
000000
