1111111
1111222
1111333
1111555
1111666
1111777
1111888
1111999
1222111
1222222
1222333
1222555
1222666
1222777
1222888
1222999
1333111
1333222
1333333
1333555
1333666
1333777
1333888
1333999
1555111
1555222
1555333
1555555
1555666
1555777
1555888
1555999
1666111
1666222
1666333
1666555
1666666
1666777
1666888
1666999
1777111
1777222
1777333
1777555
1777666
1777777
1777888
1777999
1888111
1888222
1888333
1888555
1888666
1888777
1888888
1888999
1999111
1999222
1999333
1999555
1999666
1999777
1999888
1999999
2111111
2111222
2111333
2111555
2111666
2111777
2111888
2111999
2222111
2222222
2222333
2222555
2222666
2222777
2222888
2222999
2333111
2333222
2333333
2333555
2333666
2333777
2333888
2333999
2555111
2555222
2555333
2555555
2555666
2555777
2555888
2555999
2666111
2666222
2666333
2666555
2666666
2666777
2666888
2666999
2777111
2777222
2777333
2777555
2777666
2777777
2777888
2777999
2888111
2888222
2888333
2888555
2888666
2888777
2888888
2888999
2999111
2999222
2999333
2999555
2999666
2999777
2999888
2999999
3111111
3111222
3111333
3111555
3111666
3111777
3111888
3111999
3222111
3222222
3222333
3222555
3222666
3222777
3222888
3222999
3333111
3333222
3333333
3333555
3333666
3333777
3333888
3333999
3555111
3555222
3555333
3555555
3555666
3555777
3555888
3555999
3666111
3666222
3666333
3666555
3666666
3666777
3666888
3666999
3777111
3777222
3777333
3777555
3777666
3777777
3777888
3777999
3888111
3888222
3888333
3888555
3888666
3888777
3888888
3888999
3999111
3999222
3999333
3999555
3999666
3999777
3999888
3999999
5111111
5111222
5111333
5111555
5111666
5111777
5111888
5111999
5222111
5222222
5222333
5222555
5222666
5222777
5222888
5222999
5333111
5333222
5333333
5333555
5333666
5333777
5333888
5333999
5555111
5555222
5555333
5555555
5555666
5555777
5555888
5555999
5666111
5666222
5666333
5666555
5666666
5666777
5666888
5666999
5777111
5777222
5777333
5777555
5777666
5777777
5777888
5777999
5888111
5888222
5888333
5888555
5888666
5888777
5888888
5888999
5999111
5999222
5999333
5999555
5999666
5999777
5999888
5999999
6111111
6111222
6111333
6111555
6111666
6111777
6111888
6111999
6222111
6222222
6222333
6222555
6222666
6222777
6222888
6222999
6333111
6333222
6333333
6333555
6333666
6333777
6333888
6333999
6555111
6555222
6555333
6555555
6555666
6555777
6555888
6555999
6666111
6666222
6666333
6666555
6666666
6666777
6666888
6666999
6777111
6777222
6777333
6777555
6777666
6777777
6777888
6777999
6888111
6888222
6888333
6888555
6888666
6888777
6888888
6888999
6999111
6999222
6999333
6999555
6999666
6999777
6999888
6999999
7111111
7111222
7111333
7111555
7111666
7111777
7111888
7111999
7222111
7222222
7222333
7222555
7222666
7222777
7222888
7222999
7333111
7333222
7333333
7333555
7333666
7333777
7333888
7333999
7555111
7555222
7555333
7555555
7555666
7555777
7555888
7555999
7666111
7666222
7666333
7666555
7666666
7666777
7666888
7666999
7777111
7777222
7777333
7777555
7777666
7777777
7777888
7777999
7888111
7888222
7888333
7888555
7888666
7888777
7888888
7888999
7999111
7999222
7999333
7999555
7999666
7999777
7999888
7999999
8111111
8111222
8111333
8111555
8111666
8111777
8111888
8111999
8222111
8222222
8222333
8222555
8222666
8222777
8222888
8222999
8333111
8333222
8333333
8333555
8333666
8333777
8333888
8333999
8555111
8555222
8555333
8555555
8555666
8555777
8555888
8555999
8666111
8666222
8666333
8666555
8666666
8666777
8666888
8666999
8777111
8777222
8777333
8777555
8777666
8777777
8777888
8777999
8888111
8888222
8888333
8888555
8888666
8888777
8888888
8888999
8999111
8999222
8999333
8999555
8999666
8999777
8999888
8999999
9111111
9111222
9111333
9111555
9111666
9111777
9111888
9111999
9222111
9222222
9222333
9222555
9222666
9222777
9222888
9222999
9333111
9333222
9333333
9333555
9333666
9333777
9333888
9333999
9555111
9555222
9555333
9555555
9555666
9555777
9555888
9555999
9666111
9666222
9666333
9666555
9666666
9666777
9666888
9666999
9777111
9777222
9777333
9777555
9777666
9777777
9777888
9777999
9888111
9888222
9888333
9888555
9888666
9888777
9888888
9888999
9999111
9999222
9999333
9999555
9999666
9999777
9999888
9999999
1111111
1111112
1111113
1111115
1111116
1111117
1111118
1111119
1112221
1112222
1112223
1112225
1112226
1112227
1112228
1112229
1113331
1113332
1113333
1113335
1113336
1113337
1113338
1113339
1115551
1115552
1115553
1115555
1115556
1115557
1115558
1115559
1116661
1116662
1116663
1116665
1116666
1116667
1116668
1116669
1117771
1117772
1117773
1117775
1117776
1117777
1117778
1117779
1118881
1118882
1118883
1118885
1118886
1118887
1118888
1118889
1119991
1119992
1119993
1119995
1119996
1119997
1119998
1119999
2221111
2221112
2221113
2221115
2221116
2221117
2221118
2221119
2222221
2222222
2222223
2222225
2222226
2222227
2222228
2222229
2223331
2223332
2223333
2223335
2223336
2223337
2223338
2223339
2225551
2225552
2225553
2225555
2225556
2225557
2225558
2225559
2226661
2226662
2226663
2226665
2226666
2226667
2226668
2226669
2227771
2227772
2227773
2227775
2227776
2227777
2227778
2227779
2228881
2228882
2228883
2228885
2228886
2228887
2228888
2228889
2229991
2229992
2229993
2229995
2229996
2229997
2229998
2229999
3331111
3331112
3331113
3331115
3331116
3331117
3331118
3331119
3332221
3332222
3332223
3332225
3332226
3332227
3332228
3332229
3333331
3333332
3333333
3333335
3333336
3333337
3333338
3333339
3335551
3335552
3335553
3335555
3335556
3335557
3335558
3335559
3336661
3336662
3336663
3336665
3336666
3336667
3336668
3336669
3337771
3337772
3337773
3337775
3337776
3337777
3337778
3337779
3338881
3338882
3338883
3338885
3338886
3338887
3338888
3338889
3339991
3339992
3339993
3339995
3339996
3339997
3339998
3339999
5551111
5551112
5551113
5551115
5551116
5551117
5551118
5551119
5552221
5552222
5552223
5552225
5552226
5552227
5552228
5552229
5553331
5553332
5553333
5553335
5553336
5553337
5553338
5553339
5555551
5555552
5555553
5555555
5555556
5555557
5555558
5555559
5556661
5556662
5556663
5556665
5556666
5556667
5556668
5556669
5557771
5557772
5557773
5557775
5557776
5557777
5557778
5557779
5558881
5558882
5558883
5558885
5558886
5558887
5558888
5558889
5559991
5559992
5559993
5559995
5559996
5559997
5559998
5559999
6661111
6661112
6661113
6661115
6661116
6661117
6661118
6661119
6662221
6662222
6662223
6662225
6662226
6662227
6662228
6662229
6663331
6663332
6663333
6663335
6663336
6663337
6663338
6663339
6665551
6665552
6665553
6665555
6665556
6665557
6665558
6665559
6666661
6666662
6666663
6666665
6666666
6666667
6666668
6666669
6667771
6667772
6667773
6667775
6667776
6667777
6667778
6667779
6668881
6668882
6668883
6668885
6668886
6668887
6668888
6668889
6669991
6669992
6669993
6669995
6669996
6669997
6669998
6669999
7771111
7771112
7771113
7771115
7771116
7771117
7771118
7771119
7772221
7772222
7772223
7772225
7772226
7772227
7772228
7772229
7773331
7773332
7773333
7773335
7773336
7773337
7773338
7773339
7775551
7775552
7775553
7775555
7775556
7775557
7775558
7775559
7776661
7776662
7776663
7776665
7776666
7776667
7776668
7776669
7777771
7777772
7777773
7777775
7777776
7777777
7777778
7777779
7778881
7778882
7778883
7778885
7778886
7778887
7778888
7778889
7779991
7779992
7779993
7779995
7779996
7779997
7779998
7779999
8881111
8881112
8881113
8881115
8881116
8881117
8881118
8881119
8882221
8882222
8882223
8882225
8882226
8882227
8882228
8882229
8883331
8883332
8883333
8883335
8883336
8883337
8883338
8883339
8885551
8885552
8885553
8885555
8885556
8885557
8885558
8885559
8886661
8886662
8886663
8886665
8886666
8886667
8886668
8886669
8887771
8887772
8887773
8887775
8887776
8887777
8887778
8887779
8888881
8888882
8888883
8888885
8888886
8888887
8888888
8888889
8889991
8889992
8889993
8889995
8889996
8889997
8889998
8889999
9991111
9991112
9991113
9991115
9991116
9991117
9991118
9991119
9992221
9992222
9992223
9992225
9992226
9992227
9992228
9992229
9993331
9993332
9993333
9993335
9993336
9993337
9993338
9993339
9995551
9995552
9995553
9995555
9995556
9995557
9995558
9995559
9996661
9996662
9996663
9996665
9996666
9996667
9996668
9996669
9997771
9997772
9997773
9997775
9997776
9997777
9997778
9997779
9998881
9998882
9998883
9998885
9998886
9998887
9998888
9998889
9999991
9999992
9999993
9999995
9999996
9999997
9999998
9999999
