1111111
1111112
1111113
1111115
1111116
1111117
1111118
1111119
1111121
1111122
1111123
1111125
1111126
1111127
1111128
1111129
1111131
1111132
1111133
1111135
1111136
1111137
1111138
1111139
1111151
1111152
1111153
1111155
1111156
1111157
1111158
1111159
1111161
1111162
1111163
1111165
1111166
1111167
1111168
1111169
1111171
1111172
1111173
1111175
1111176
1111177
1111178
1111179
1111181
1111182
1111183
1111185
1111186
1111187
1111188
1111189
1111191
1111192
1111193
1111195
1111196
1111197
1111198
1111199
2222211
2222212
2222213
2222215
2222216
2222217
2222218
2222219
2222221
2222222
2222223
2222225
2222226
2222227
2222228
2222229
2222231
2222232
2222233
2222235
2222236
2222237
2222238
2222239
2222251
2222252
2222253
2222255
2222256
2222257
2222258
2222259
2222261
2222262
2222263
2222265
2222266
2222267
2222268
2222269
2222271
2222272
2222273
2222275
2222276
2222277
2222278
2222279
2222281
2222282
2222283
2222285
2222286
2222287
2222288
2222289
2222291
2222292
2222293
2222295
2222296
2222297
2222298
2222299
3333311
3333312
3333313
3333315
3333316
3333317
3333318
3333319
3333321
3333322
3333323
3333325
3333326
3333327
3333328
3333329
3333331
3333332
3333333
3333335
3333336
3333337
3333338
3333339
3333351
3333352
3333353
3333355
3333356
3333357
3333358
3333359
3333361
3333362
3333363
3333365
3333366
3333367
3333368
3333369
3333371
3333372
3333373
3333375
3333376
3333377
3333378
3333379
3333381
3333382
3333383
3333385
3333386
3333387
3333388
3333389
3333391
3333392
3333393
3333395
3333396
3333397
3333398
3333399
5555511
5555512
5555513
5555515
5555516
5555517
5555518
5555519
5555521
5555522
5555523
5555525
5555526
5555527
5555528
5555529
5555531
5555532
5555533
5555535
5555536
5555537
5555538
5555539
5555551
5555552
5555553
5555555
5555556
5555557
5555558
5555559
5555561
5555562
5555563
5555565
5555566
5555567
5555568
5555569
5555571
5555572
5555573
5555575
5555576
5555577
5555578
5555579
5555581
5555582
5555583
5555585
5555586
5555587
5555588
5555589
5555591
5555592
5555593
5555595
5555596
5555597
5555598
5555599
6666611
6666612
6666613
6666615
6666616
6666617
6666618
6666619
6666621
6666622
6666623
6666625
6666626
6666627
6666628
6666629
6666631
6666632
6666633
6666635
6666636
6666637
6666638
6666639
6666651
6666652
6666653
6666655
6666656
6666657
6666658
6666659
6666661
6666662
6666663
6666665
6666666
6666667
6666668
6666669
6666671
6666672
6666673
6666675
6666676
6666677
6666678
6666679
6666681
6666682
6666683
6666685
6666686
6666687
6666688
6666689
6666691
6666692
6666693
6666695
6666696
6666697
6666698
6666699
7777711
7777712
7777713
7777715
7777716
7777717
7777718
7777719
7777721
7777722
7777723
7777725
7777726
7777727
7777728
7777729
7777731
7777732
7777733
7777735
7777736
7777737
7777738
7777739
7777751
7777752
7777753
7777755
7777756
7777757
7777758
7777759
7777761
7777762
7777763
7777765
7777766
7777767
7777768
7777769
7777771
7777772
7777773
7777775
7777776
7777777
7777778
7777779
7777781
7777782
7777783
7777785
7777786
7777787
7777788
7777789
7777791
7777792
7777793
7777795
7777796
7777797
7777798
7777799
8888811
8888812
8888813
8888815
8888816
8888817
8888818
8888819
8888821
8888822
8888823
8888825
8888826
8888827
8888828
8888829
8888831
8888832
8888833
8888835
8888836
8888837
8888838
8888839
8888851
8888852
8888853
8888855
8888856
8888857
8888858
8888859
8888861
8888862
8888863
8888865
8888866
8888867
8888868
8888869
8888871
8888872
8888873
8888875
8888876
8888877
8888878
8888879
8888881
8888882
8888883
8888885
8888886
8888887
8888888
8888889
8888891
8888892
8888893
8888895
8888896
8888897
8888898
8888899
9999911
9999912
9999913
9999915
9999916
9999917
9999918
9999919
9999921
9999922
9999923
9999925
9999926
9999927
9999928
9999929
9999931
9999932
9999933
9999935
9999936
9999937
9999938
9999939
9999951
9999952
9999953
9999955
9999956
9999957
9999958
9999959
9999961
9999962
9999963
9999965
9999966
9999967
9999968
9999969
9999971
9999972
9999973
9999975
9999976
9999977
9999978
9999979
9999981
9999982
9999983
9999985
9999986
9999987
9999988
9999989
9999991
9999992
9999993
9999995
9999996
9999997
9999998
9999999
1111111
1122222
1133333
1155555
1166666
1177777
1188888
1199999
1211111
1222222
1233333
1255555
1266666
1277777
1288888
1299999
1311111
1322222
1333333
1355555
1366666
1377777
1388888
1399999
1511111
1522222
1533333
1555555
1566666
1577777
1588888
1599999
1611111
1622222
1633333
1655555
1666666
1677777
1688888
1699999
1711111
1722222
1733333
1755555
1766666
1777777
1788888
1799999
1811111
1822222
1833333
1855555
1866666
1877777
1888888
1899999
1911111
1922222
1933333
1955555
1966666
1977777
1988888
1999999
2111111
2122222
2133333
2155555
2166666
2177777
2188888
2199999
2211111
2222222
2233333
2255555
2266666
2277777
2288888
2299999
2311111
2322222
2333333
2355555
2366666
2377777
2388888
2399999
2511111
2522222
2533333
2555555
2566666
2577777
2588888
2599999
2611111
2622222
2633333
2655555
2666666
2677777
2688888
2699999
2711111
2722222
2733333
2755555
2766666
2777777
2788888
2799999
2811111
2822222
2833333
2855555
2866666
2877777
2888888
2899999
2911111
2922222
2933333
2955555
2966666
2977777
2988888
2999999
3111111
3122222
3133333
3155555
3166666
3177777
3188888
3199999
3211111
3222222
3233333
3255555
3266666
3277777
3288888
3299999
3311111
3322222
3333333
3355555
3366666
3377777
3388888
3399999
3511111
3522222
3533333
3555555
3566666
3577777
3588888
3599999
3611111
3622222
3633333
3655555
3666666
3677777
3688888
3699999
3711111
3722222
3733333
3755555
3766666
3777777
3788888
3799999
3811111
3822222
3833333
3855555
3866666
3877777
3888888
3899999
3911111
3922222
3933333
3955555
3966666
3977777
3988888
3999999
5111111
5122222
5133333
5155555
5166666
5177777
5188888
5199999
5211111
5222222
5233333
5255555
5266666
5277777
5288888
5299999
5311111
5322222
5333333
5355555
5366666
5377777
5388888
5399999
5511111
5522222
5533333
5555555
5566666
5577777
5588888
5599999
5611111
5622222
5633333
5655555
5666666
5677777
5688888
5699999
5711111
5722222
5733333
5755555
5766666
5777777
5788888
5799999
5811111
5822222
5833333
5855555
5866666
5877777
5888888
5899999
5911111
5922222
5933333
5955555
5966666
5977777
5988888
5999999
6111111
6122222
6133333
6155555
6166666
6177777
6188888
6199999
6211111
6222222
6233333
6255555
6266666
6277777
6288888
6299999
6311111
6322222
6333333
6355555
6366666
6377777
6388888
6399999
6511111
6522222
6533333
6555555
6566666
6577777
6588888
6599999
6611111
6622222
6633333
6655555
6666666
6677777
6688888
6699999
6711111
6722222
6733333
6755555
6766666
6777777
6788888
6799999
6811111
6822222
6833333
6855555
6866666
6877777
6888888
6899999
6911111
6922222
6933333
6955555
6966666
6977777
6988888
6999999
7111111
7122222
7133333
7155555
7166666
7177777
7188888
7199999
7211111
7222222
7233333
7255555
7266666
7277777
7288888
7299999
7311111
7322222
7333333
7355555
7366666
7377777
7388888
7399999
7511111
7522222
7533333
7555555
7566666
7577777
7588888
7599999
7611111
7622222
7633333
7655555
7666666
7677777
7688888
7699999
7711111
7722222
7733333
7755555
7766666
7777777
7788888
7799999
7811111
7822222
7833333
7855555
7866666
7877777
7888888
7899999
7911111
7922222
7933333
7955555
7966666
7977777
7988888
7999999
8111111
8122222
8133333
8155555
8166666
8177777
8188888
8199999
8211111
8222222
8233333
8255555
8266666
8277777
8288888
8299999
8311111
8322222
8333333
8355555
8366666
8377777
8388888
8399999
8511111
8522222
8533333
8555555
8566666
8577777
8588888
8599999
8611111
8622222
8633333
8655555
8666666
8677777
8688888
8699999
8711111
8722222
8733333
8755555
8766666
8777777
8788888
8799999
8811111
8822222
8833333
8855555
8866666
8877777
8888888
8899999
8911111
8922222
8933333
8955555
8966666
8977777
8988888
8999999
9111111
9122222
9133333
9155555
9166666
9177777
9188888
9199999
9211111
9222222
9233333
9255555
9266666
9277777
9288888
9299999
9311111
9322222
9333333
9355555
9366666
9377777
9388888
9399999
9511111
9522222
9533333
9555555
9566666
9577777
9588888
9599999
9611111
9622222
9633333
9655555
9666666
9677777
9688888
9699999
9711111
9722222
9733333
9755555
9766666
9777777
9788888
9799999
9811111
9822222
9833333
9855555
9866666
9877777
9888888
9899999
9911111
9922222
9933333
9955555
9966666
9977777
9988888
9999999
