1111111
1111112
1111113
1111115
1111116
1111117
1111118
1111119
1111221
1111222
1111223
1111225
1111226
1111227
1111228
1111229
1111331
1111332
1111333
1111335
1111336
1111337
1111338
1111339
1111551
1111552
1111553
1111555
1111556
1111557
1111558
1111559
1111661
1111662
1111663
1111665
1111666
1111667
1111668
1111669
1111771
1111772
1111773
1111775
1111776
1111777
1111778
1111779
1111881
1111882
1111883
1111885
1111886
1111887
1111888
1111889
1111991
1111992
1111993
1111995
1111996
1111997
1111998
1111999
1122111
1122112
1122113
1122115
1122116
1122117
1122118
1122119
1122221
1122222
1122223
1122225
1122226
1122227
1122228
1122229
1122331
1122332
1122333
1122335
1122336
1122337
1122338
1122339
1122551
1122552
1122553
1122555
1122556
1122557
1122558
1122559
1122661
1122662
1122663
1122665
1122666
1122667
1122668
1122669
1122771
1122772
1122773
1122775
1122776
1122777
1122778
1122779
1122881
1122882
1122883
1122885
1122886
1122887
1122888
1122889
1122991
1122992
1122993
1122995
1122996
1122997
1122998
1122999
1133111
1133112
1133113
1133115
1133116
1133117
1133118
1133119
1133221
1133222
1133223
1133225
1133226
1133227
1133228
1133229
1133331
1133332
1133333
1133335
1133336
1133337
1133338
1133339
1133551
1133552
1133553
1133555
1133556
1133557
1133558
1133559
1133661
1133662
1133663
1133665
1133666
1133667
1133668
1133669
1133771
1133772
1133773
1133775
1133776
1133777
1133778
1133779
1133881
1133882
1133883
1133885
1133886
1133887
1133888
1133889
1133991
1133992
1133993
1133995
1133996
1133997
1133998
1133999
1155111
1155112
1155113
1155115
1155116
1155117
1155118
1155119
1155221
1155222
1155223
1155225
1155226
1155227
1155228
1155229
1155331
1155332
1155333
1155335
1155336
1155337
1155338
1155339
1155551
1155552
1155553
1155555
1155556
1155557
1155558
1155559
1155661
1155662
1155663
1155665
1155666
1155667
1155668
1155669
1155771
1155772
1155773
1155775
1155776
1155777
1155778
1155779
1155881
1155882
1155883
1155885
1155886
1155887
1155888
1155889
1155991
1155992
1155993
1155995
1155996
1155997
1155998
1155999
1166111
1166112
1166113
1166115
1166116
1166117
1166118
1166119
1166221
1166222
1166223
1166225
1166226
1166227
1166228
1166229
1166331
1166332
1166333
1166335
1166336
1166337
1166338
1166339
1166551
1166552
1166553
1166555
1166556
1166557
1166558
1166559
1166661
1166662
1166663
1166665
1166666
1166667
1166668
1166669
1166771
1166772
1166773
1166775
1166776
1166777
1166778
1166779
1166881
1166882
1166883
1166885
1166886
1166887
1166888
1166889
1166991
1166992
1166993
1166995
1166996
1166997
1166998
1166999
1177111
1177112
1177113
1177115
1177116
1177117
1177118
1177119
1177221
1177222
1177223
1177225
1177226
1177227
1177228
1177229
1177331
1177332
1177333
1177335
1177336
1177337
1177338
1177339
1177551
1177552
1177553
1177555
1177556
1177557
1177558
1177559
1177661
1177662
1177663
1177665
1177666
1177667
1177668
1177669
1177771
1177772
1177773
1177775
1177776
1177777
1177778
1177779
1177881
1177882
1177883
1177885
1177886
1177887
1177888
1177889
1177991
1177992
1177993
1177995
1177996
1177997
1177998
1177999
1188111
1188112
1188113
1188115
1188116
1188117
1188118
1188119
1188221
1188222
1188223
1188225
1188226
1188227
1188228
1188229
1188331
1188332
1188333
1188335
1188336
1188337
1188338
1188339
1188551
1188552
1188553
1188555
1188556
1188557
1188558
1188559
1188661
1188662
1188663
1188665
1188666
1188667
1188668
1188669
1188771
1188772
1188773
1188775
1188776
1188777
1188778
1188779
1188881
1188882
1188883
1188885
1188886
1188887
1188888
1188889
1188991
1188992
1188993
1188995
1188996
1188997
1188998
1188999
1199111
1199112
1199113
1199115
1199116
1199117
1199118
1199119
1199221
1199222
1199223
1199225
1199226
1199227
1199228
1199229
1199331
1199332
1199333
1199335
1199336
1199337
1199338
1199339
1199551
1199552
1199553
1199555
1199556
1199557
1199558
1199559
1199661
1199662
1199663
1199665
1199666
1199667
1199668
1199669
1199771
1199772
1199773
1199775
1199776
1199777
1199778
1199779
1199881
1199882
1199883
1199885
1199886
1199887
1199888
1199889
1199991
1199992
1199993
1199995
1199996
1199997
1199998
1199999
2211111
2211112
2211113
2211115
2211116
2211117
2211118
2211119
2211221
2211222
2211223
2211225
2211226
2211227
2211228
2211229
2211331
2211332
2211333
2211335
2211336
2211337
2211338
2211339
2211551
2211552
2211553
2211555
2211556
2211557
2211558
2211559
2211661
2211662
2211663
2211665
2211666
2211667
2211668
2211669
2211771
2211772
2211773
2211775
2211776
2211777
2211778
2211779
2211881
2211882
2211883
2211885
2211886
2211887
2211888
2211889
2211991
2211992
2211993
2211995
2211996
2211997
2211998
2211999
2222111
2222112
2222113
2222115
2222116
2222117
2222118
2222119
2222221
2222222
2222223
2222225
2222226
2222227
2222228
2222229
2222331
2222332
2222333
2222335
2222336
2222337
2222338
2222339
2222551
2222552
2222553
2222555
2222556
2222557
2222558
2222559
2222661
2222662
2222663
2222665
2222666
2222667
2222668
2222669
2222771
2222772
2222773
2222775
2222776
2222777
2222778
2222779
2222881
2222882
2222883
2222885
2222886
2222887
2222888
2222889
2222991
2222992
2222993
2222995
2222996
2222997
2222998
2222999
2233111
2233112
2233113
2233115
2233116
2233117
2233118
2233119
2233221
2233222
2233223
2233225
2233226
2233227
2233228
2233229
2233331
2233332
2233333
2233335
2233336
2233337
2233338
2233339
2233551
2233552
2233553
2233555
2233556
2233557
2233558
2233559
2233661
2233662
2233663
2233665
2233666
2233667
2233668
2233669
2233771
2233772
2233773
2233775
2233776
2233777
2233778
2233779
2233881
2233882
2233883
2233885
2233886
2233887
2233888
2233889
2233991
2233992
2233993
2233995
2233996
2233997
2233998
2233999
2255111
2255112
2255113
2255115
2255116
2255117
2255118
2255119
2255221
2255222
2255223
2255225
2255226
2255227
2255228
2255229
2255331
2255332
2255333
2255335
2255336
2255337
2255338
2255339
2255551
2255552
2255553
2255555
2255556
2255557
2255558
2255559
2255661
2255662
2255663
2255665
2255666
2255667
2255668
2255669
2255771
2255772
2255773
2255775
2255776
2255777
2255778
2255779
2255881
2255882
2255883
2255885
2255886
2255887
2255888
2255889
2255991
2255992
2255993
2255995
2255996
2255997
2255998
2255999
2266111
2266112
2266113
2266115
2266116
2266117
2266118
2266119
2266221
2266222
2266223
2266225
2266226
2266227
2266228
2266229
2266331
2266332
2266333
2266335
2266336
2266337
2266338
2266339
2266551
2266552
2266553
2266555
2266556
2266557
2266558
2266559
2266661
2266662
2266663
2266665
2266666
2266667
2266668
2266669
2266771
2266772
2266773
2266775
2266776
2266777
2266778
2266779
2266881
2266882
2266883
2266885
2266886
2266887
2266888
2266889
2266991
2266992
2266993
2266995
2266996
2266997
2266998
2266999
2277111
2277112
2277113
2277115
2277116
2277117
2277118
2277119
2277221
2277222
2277223
2277225
2277226
2277227
2277228
2277229
2277331
2277332
2277333
2277335
2277336
2277337
2277338
2277339
2277551
2277552
2277553
2277555
2277556
2277557
2277558
2277559
2277661
2277662
2277663
2277665
2277666
2277667
2277668
2277669
2277771
2277772
2277773
2277775
2277776
2277777
2277778
2277779
2277881
2277882
2277883
2277885
2277886
2277887
2277888
2277889
2277991
2277992
2277993
2277995
2277996
2277997
2277998
2277999
2288111
2288112
2288113
2288115
2288116
2288117
2288118
2288119
2288221
2288222
2288223
2288225
2288226
2288227
2288228
2288229
2288331
2288332
2288333
2288335
2288336
2288337
2288338
2288339
2288551
2288552
2288553
2288555
2288556
2288557
2288558
2288559
2288661
2288662
2288663
2288665
2288666
2288667
2288668
2288669
2288771
2288772
2288773
2288775
2288776
2288777
2288778
2288779
2288881
2288882
2288883
2288885
2288886
2288887
2288888
2288889
2288991
2288992
2288993
2288995
2288996
2288997
2288998
2288999
2299111
2299112
2299113
2299115
2299116
2299117
2299118
2299119
2299221
2299222
2299223
2299225
2299226
2299227
2299228
2299229
2299331
2299332
2299333
2299335
2299336
2299337
2299338
2299339
2299551
2299552
2299553
2299555
2299556
2299557
2299558
2299559
2299661
2299662
2299663
2299665
2299666
2299667
2299668
2299669
2299771
2299772
2299773
2299775
2299776
2299777
2299778
2299779
2299881
2299882
2299883
2299885
2299886
2299887
2299888
2299889
2299991
2299992
2299993
2299995
2299996
2299997
2299998
2299999
3311111
3311112
3311113
3311115
3311116
3311117
3311118
3311119
3311221
3311222
3311223
3311225
3311226
3311227
3311228
3311229
3311331
3311332
3311333
3311335
3311336
3311337
3311338
3311339
3311551
3311552
3311553
3311555
3311556
3311557
3311558
3311559
3311661
3311662
3311663
3311665
3311666
3311667
3311668
3311669
3311771
3311772
3311773
3311775
3311776
3311777
3311778
3311779
3311881
3311882
3311883
3311885
3311886
3311887
3311888
3311889
3311991
3311992
3311993
3311995
3311996
3311997
3311998
3311999
3322111
3322112
3322113
3322115
3322116
3322117
3322118
3322119
3322221
3322222
3322223
3322225
3322226
3322227
3322228
3322229
3322331
3322332
3322333
3322335
3322336
3322337
3322338
3322339
3322551
3322552
3322553
3322555
3322556
3322557
3322558
3322559
3322661
3322662
3322663
3322665
3322666
3322667
3322668
3322669
3322771
3322772
3322773
3322775
3322776
3322777
3322778
3322779
3322881
3322882
3322883
3322885
3322886
3322887
3322888
3322889
3322991
3322992
3322993
3322995
3322996
3322997
3322998
3322999
3333111
3333112
3333113
3333115
3333116
3333117
3333118
3333119
3333221
3333222
3333223
3333225
3333226
3333227
3333228
3333229
3333331
3333332
3333333
3333335
3333336
3333337
3333338
3333339
3333551
3333552
3333553
3333555
3333556
3333557
3333558
3333559
3333661
3333662
3333663
3333665
3333666
3333667
3333668
3333669
3333771
3333772
3333773
3333775
3333776
3333777
3333778
3333779
3333881
3333882
3333883
3333885
3333886
3333887
3333888
3333889
3333991
3333992
3333993
3333995
3333996
3333997
3333998
3333999
3355111
3355112
3355113
3355115
3355116
3355117
3355118
3355119
3355221
3355222
3355223
3355225
3355226
3355227
3355228
3355229
3355331
3355332
3355333
3355335
3355336
3355337
3355338
3355339
3355551
3355552
3355553
3355555
3355556
3355557
3355558
3355559
3355661
3355662
3355663
3355665
3355666
3355667
3355668
3355669
3355771
3355772
3355773
3355775
3355776
3355777
3355778
3355779
3355881
3355882
3355883
3355885
3355886
3355887
3355888
3355889
3355991
3355992
3355993
3355995
3355996
3355997
3355998
3355999
3366111
3366112
3366113
3366115
3366116
3366117
3366118
3366119
3366221
3366222
3366223
3366225
3366226
3366227
3366228
3366229
3366331
3366332
3366333
3366335
3366336
3366337
3366338
3366339
3366551
3366552
3366553
3366555
3366556
3366557
3366558
3366559
3366661
3366662
3366663
3366665
3366666
3366667
3366668
3366669
3366771
3366772
3366773
3366775
3366776
3366777
3366778
3366779
3366881
3366882
3366883
3366885
3366886
3366887
3366888
3366889
3366991
3366992
3366993
3366995
3366996
3366997
3366998
3366999
3377111
3377112
3377113
3377115
3377116
3377117
3377118
3377119
3377221
3377222
3377223
3377225
3377226
3377227
3377228
3377229
3377331
3377332
3377333
3377335
3377336
3377337
3377338
3377339
3377551
3377552
3377553
3377555
3377556
3377557
3377558
3377559
3377661
3377662
3377663
3377665
3377666
3377667
3377668
3377669
3377771
3377772
3377773
3377775
3377776
3377777
3377778
3377779
3377881
3377882
3377883
3377885
3377886
3377887
3377888
3377889
3377991
3377992
3377993
3377995
3377996
3377997
3377998
3377999
3388111
3388112
3388113
3388115
3388116
3388117
3388118
3388119
3388221
3388222
3388223
3388225
3388226
3388227
3388228
3388229
3388331
3388332
3388333
3388335
3388336
3388337
3388338
3388339
3388551
3388552
3388553
3388555
3388556
3388557
3388558
3388559
3388661
3388662
3388663
3388665
3388666
3388667
3388668
3388669
3388771
3388772
3388773
3388775
3388776
3388777
3388778
3388779
3388881
3388882
3388883
3388885
3388886
3388887
3388888
3388889
3388991
3388992
3388993
3388995
3388996
3388997
3388998
3388999
3399111
3399112
3399113
3399115
3399116
3399117
3399118
3399119
3399221
3399222
3399223
3399225
3399226
3399227
3399228
3399229
3399331
3399332
3399333
3399335
3399336
3399337
3399338
3399339
3399551
3399552
3399553
3399555
3399556
3399557
3399558
3399559
3399661
3399662
3399663
3399665
3399666
3399667
3399668
3399669
3399771
3399772
3399773
3399775
3399776
3399777
3399778
3399779
3399881
3399882
3399883
3399885
3399886
3399887
3399888
3399889
3399991
3399992
3399993
3399995
3399996
3399997
3399998
3399999
5511111
5511112
5511113
5511115
5511116
5511117
5511118
5511119
5511221
5511222
5511223
5511225
5511226
5511227
5511228
5511229
5511331
5511332
5511333
5511335
5511336
5511337
5511338
5511339
5511551
5511552
5511553
5511555
5511556
5511557
5511558
5511559
5511661
5511662
5511663
5511665
5511666
5511667
5511668
5511669
5511771
5511772
5511773
5511775
5511776
5511777
5511778
5511779
5511881
5511882
5511883
5511885
5511886
5511887
5511888
5511889
5511991
5511992
5511993
5511995
5511996
5511997
5511998
5511999
5522111
5522112
5522113
5522115
5522116
5522117
5522118
5522119
5522221
5522222
5522223
5522225
5522226
5522227
5522228
5522229
5522331
5522332
5522333
5522335
5522336
5522337
5522338
5522339
5522551
5522552
5522553
5522555
5522556
5522557
5522558
5522559
5522661
5522662
5522663
5522665
5522666
5522667
5522668
5522669
5522771
5522772
5522773
5522775
5522776
5522777
5522778
5522779
5522881
5522882
5522883
5522885
5522886
5522887
5522888
5522889
5522991
5522992
5522993
5522995
5522996
5522997
5522998
5522999
5533111
5533112
5533113
5533115
5533116
5533117
5533118
5533119
5533221
5533222
5533223
5533225
5533226
5533227
5533228
5533229
5533331
5533332
5533333
5533335
5533336
5533337
5533338
5533339
5533551
5533552
5533553
5533555
5533556
5533557
5533558
5533559
5533661
5533662
5533663
5533665
5533666
5533667
5533668
5533669
5533771
5533772
5533773
5533775
5533776
5533777
5533778
5533779
5533881
5533882
5533883
5533885
5533886
5533887
5533888
5533889
5533991
5533992
5533993
5533995
5533996
5533997
5533998
5533999
5555111
5555112
5555113
5555115
5555116
5555117
5555118
5555119
5555221
5555222
5555223
5555225
5555226
5555227
5555228
5555229
5555331
5555332
5555333
5555335
5555336
5555337
5555338
5555339
5555551
5555552
5555553
5555555
5555556
5555557
5555558
5555559
5555661
5555662
5555663
5555665
5555666
5555667
5555668
5555669
5555771
5555772
5555773
5555775
5555776
5555777
5555778
5555779
5555881
5555882
5555883
5555885
5555886
5555887
5555888
5555889
5555991
5555992
5555993
5555995
5555996
5555997
5555998
5555999
5566111
5566112
5566113
5566115
5566116
5566117
5566118
5566119
5566221
5566222
5566223
5566225
5566226
5566227
5566228
5566229
5566331
5566332
5566333
5566335
5566336
5566337
5566338
5566339
5566551
5566552
5566553
5566555
5566556
5566557
5566558
5566559
5566661
5566662
5566663
5566665
5566666
5566667
5566668
5566669
5566771
5566772
5566773
5566775
5566776
5566777
5566778
5566779
5566881
5566882
5566883
5566885
5566886
5566887
5566888
5566889
5566991
5566992
5566993
5566995
5566996
5566997
5566998
5566999
5577111
5577112
5577113
5577115
5577116
5577117
5577118
5577119
5577221
5577222
5577223
5577225
5577226
5577227
5577228
5577229
5577331
5577332
5577333
5577335
5577336
5577337
5577338
5577339
5577551
5577552
5577553
5577555
5577556
5577557
5577558
5577559
5577661
5577662
5577663
5577665
5577666
5577667
5577668
5577669
5577771
5577772
5577773
5577775
5577776
5577777
5577778
5577779
5577881
5577882
5577883
5577885
5577886
5577887
5577888
5577889
5577991
5577992
5577993
5577995
5577996
5577997
5577998
5577999
5588111
5588112
5588113
5588115
5588116
5588117
5588118
5588119
5588221
5588222
5588223
5588225
5588226
5588227
5588228
5588229
5588331
5588332
5588333
5588335
5588336
5588337
5588338
5588339
5588551
5588552
5588553
5588555
5588556
5588557
5588558
5588559
5588661
5588662
5588663
5588665
5588666
5588667
5588668
5588669
5588771
5588772
5588773
5588775
5588776
5588777
5588778
5588779
5588881
5588882
5588883
5588885
5588886
5588887
5588888
5588889
5588991
5588992
5588993
5588995
5588996
5588997
5588998
5588999
5599111
5599112
5599113
5599115
5599116
5599117
5599118
5599119
5599221
5599222
5599223
5599225
5599226
5599227
5599228
5599229
5599331
5599332
5599333
5599335
5599336
5599337
5599338
5599339
5599551
5599552
5599553
5599555
5599556
5599557
5599558
5599559
5599661
5599662
5599663
5599665
5599666
5599667
5599668
5599669
5599771
5599772
5599773
5599775
5599776
5599777
5599778
5599779
5599881
5599882
5599883
5599885
5599886
5599887
5599888
5599889
5599991
5599992
5599993
5599995
5599996
5599997
5599998
5599999
6611111
6611112
6611113
6611115
6611116
6611117
6611118
6611119
6611221
6611222
6611223
6611225
6611226
6611227
6611228
6611229
6611331
6611332
6611333
6611335
6611336
6611337
6611338
6611339
6611551
6611552
6611553
6611555
6611556
6611557
6611558
6611559
6611661
6611662
6611663
6611665
6611666
6611667
6611668
6611669
6611771
6611772
6611773
6611775
6611776
6611777
6611778
6611779
6611881
6611882
6611883
6611885
6611886
6611887
6611888
6611889
6611991
6611992
6611993
6611995
6611996
6611997
6611998
6611999
6622111
6622112
6622113
6622115
6622116
6622117
6622118
6622119
6622221
6622222
6622223
6622225
6622226
6622227
6622228
6622229
6622331
6622332
6622333
6622335
6622336
6622337
6622338
6622339
6622551
6622552
6622553
6622555
6622556
6622557
6622558
6622559
6622661
6622662
6622663
6622665
6622666
6622667
6622668
6622669
6622771
6622772
6622773
6622775
6622776
6622777
6622778
6622779
6622881
6622882
6622883
6622885
6622886
6622887
6622888
6622889
6622991
6622992
6622993
6622995
6622996
6622997
6622998
6622999
6633111
6633112
6633113
6633115
6633116
6633117
6633118
6633119
6633221
6633222
6633223
6633225
6633226
6633227
6633228
6633229
6633331
6633332
6633333
6633335
6633336
6633337
6633338
6633339
6633551
6633552
6633553
6633555
6633556
6633557
6633558
6633559
6633661
6633662
6633663
6633665
6633666
6633667
6633668
6633669
6633771
6633772
6633773
6633775
6633776
6633777
6633778
6633779
6633881
6633882
6633883
6633885
6633886
6633887
6633888
6633889
6633991
6633992
6633993
6633995
6633996
6633997
6633998
6633999
6655111
6655112
6655113
6655115
6655116
6655117
6655118
6655119
6655221
6655222
6655223
6655225
6655226
6655227
6655228
6655229
6655331
6655332
6655333
6655335
6655336
6655337
6655338
6655339
6655551
6655552
6655553
6655555
6655556
6655557
6655558
6655559
6655661
6655662
6655663
6655665
6655666
6655667
6655668
6655669
6655771
6655772
6655773
6655775
6655776
6655777
6655778
6655779
6655881
6655882
6655883
6655885
6655886
6655887
6655888
6655889
6655991
6655992
6655993
6655995
6655996
6655997
6655998
6655999
6666111
6666112
6666113
6666115
6666116
6666117
6666118
6666119
6666221
6666222
6666223
6666225
6666226
6666227
6666228
6666229
6666331
6666332
6666333
6666335
6666336
6666337
6666338
6666339
6666551
6666552
6666553
6666555
6666556
6666557
6666558
6666559
6666661
6666662
6666663
6666665
6666666
6666667
6666668
6666669
6666771
6666772
6666773
6666775
6666776
6666777
6666778
6666779
6666881
6666882
6666883
6666885
6666886
6666887
6666888
6666889
6666991
6666992
6666993
6666995
6666996
6666997
6666998
6666999
6677111
6677112
6677113
6677115
6677116
6677117
6677118
6677119
6677221
6677222
6677223
6677225
6677226
6677227
6677228
6677229
6677331
6677332
6677333
6677335
6677336
6677337
6677338
6677339
6677551
6677552
6677553
6677555
6677556
6677557
6677558
6677559
6677661
6677662
6677663
6677665
6677666
6677667
6677668
6677669
6677771
6677772
6677773
6677775
6677776
6677777
6677778
6677779
6677881
6677882
6677883
6677885
6677886
6677887
6677888
6677889
6677991
6677992
6677993
6677995
6677996
6677997
6677998
6677999
6688111
6688112
6688113
6688115
6688116
6688117
6688118
6688119
6688221
6688222
6688223
6688225
6688226
6688227
6688228
6688229
6688331
6688332
6688333
6688335
6688336
6688337
6688338
6688339
6688551
6688552
6688553
6688555
6688556
6688557
6688558
6688559
6688661
6688662
6688663
6688665
6688666
6688667
6688668
6688669
6688771
6688772
6688773
6688775
6688776
6688777
6688778
6688779
6688881
6688882
6688883
6688885
6688886
6688887
6688888
6688889
6688991
6688992
6688993
6688995
6688996
6688997
6688998
6688999
6699111
6699112
6699113
6699115
6699116
6699117
6699118
6699119
6699221
6699222
6699223
6699225
6699226
6699227
6699228
6699229
6699331
6699332
6699333
6699335
6699336
6699337
6699338
6699339
6699551
6699552
6699553
6699555
6699556
6699557
6699558
6699559
6699661
6699662
6699663
6699665
6699666
6699667
6699668
6699669
6699771
6699772
6699773
6699775
6699776
6699777
6699778
6699779
6699881
6699882
6699883
6699885
6699886
6699887
6699888
6699889
6699991
6699992
6699993
6699995
6699996
6699997
6699998
6699999
7711111
7711112
7711113
7711115
7711116
7711117
7711118
7711119
7711221
7711222
7711223
7711225
7711226
7711227
7711228
7711229
7711331
7711332
7711333
7711335
7711336
7711337
7711338
7711339
7711551
7711552
7711553
7711555
7711556
7711557
7711558
7711559
7711661
7711662
7711663
7711665
7711666
7711667
7711668
7711669
7711771
7711772
7711773
7711775
7711776
7711777
7711778
7711779
7711881
7711882
7711883
7711885
7711886
7711887
7711888
7711889
7711991
7711992
7711993
7711995
7711996
7711997
7711998
7711999
7722111
7722112
7722113
7722115
7722116
7722117
7722118
7722119
7722221
7722222
7722223
7722225
7722226
7722227
7722228
7722229
7722331
7722332
7722333
7722335
7722336
7722337
7722338
7722339
7722551
7722552
7722553
7722555
7722556
7722557
7722558
7722559
7722661
7722662
7722663
7722665
7722666
7722667
7722668
7722669
7722771
7722772
7722773
7722775
7722776
7722777
7722778
7722779
7722881
7722882
7722883
7722885
7722886
7722887
7722888
7722889
7722991
7722992
7722993
7722995
7722996
7722997
7722998
7722999
7733111
7733112
7733113
7733115
7733116
7733117
7733118
7733119
7733221
7733222
7733223
7733225
7733226
7733227
7733228
7733229
7733331
7733332
7733333
7733335
7733336
7733337
7733338
7733339
7733551
7733552
7733553
7733555
7733556
7733557
7733558
7733559
7733661
7733662
7733663
7733665
7733666
7733667
7733668
7733669
7733771
7733772
7733773
7733775
7733776
7733777
7733778
7733779
7733881
7733882
7733883
7733885
7733886
7733887
7733888
7733889
7733991
7733992
7733993
7733995
7733996
7733997
7733998
7733999
7755111
7755112
7755113
7755115
7755116
7755117
7755118
7755119
7755221
7755222
7755223
7755225
7755226
7755227
7755228
7755229
7755331
7755332
7755333
7755335
7755336
7755337
7755338
7755339
7755551
7755552
7755553
7755555
7755556
7755557
7755558
7755559
7755661
7755662
7755663
7755665
7755666
7755667
7755668
7755669
7755771
7755772
7755773
7755775
7755776
7755777
7755778
7755779
7755881
7755882
7755883
7755885
7755886
7755887
7755888
7755889
7755991
7755992
7755993
7755995
7755996
7755997
7755998
7755999
7766111
7766112
7766113
7766115
7766116
7766117
7766118
7766119
7766221
7766222
7766223
7766225
7766226
7766227
7766228
7766229
7766331
7766332
7766333
7766335
7766336
7766337
7766338
7766339
7766551
7766552
7766553
7766555
7766556
7766557
7766558
7766559
7766661
7766662
7766663
7766665
7766666
7766667
7766668
7766669
7766771
7766772
7766773
7766775
7766776
7766777
7766778
7766779
7766881
7766882
7766883
7766885
7766886
7766887
7766888
7766889
7766991
7766992
7766993
7766995
7766996
7766997
7766998
7766999
7777111
7777112
7777113
7777115
7777116
7777117
7777118
7777119
7777221
7777222
7777223
7777225
7777226
7777227
7777228
7777229
7777331
7777332
7777333
7777335
7777336
7777337
7777338
7777339
7777551
7777552
7777553
7777555
7777556
7777557
7777558
7777559
7777661
7777662
7777663
7777665
7777666
7777667
7777668
7777669
7777771
7777772
7777773
7777775
7777776
7777777
7777778
7777779
7777881
7777882
7777883
7777885
7777886
7777887
7777888
7777889
7777991
7777992
7777993
7777995
7777996
7777997
7777998
7777999
7788111
7788112
7788113
7788115
7788116
7788117
7788118
7788119
7788221
7788222
7788223
7788225
7788226
7788227
7788228
7788229
7788331
7788332
7788333
7788335
7788336
7788337
7788338
7788339
7788551
7788552
7788553
7788555
7788556
7788557
7788558
7788559
7788661
7788662
7788663
7788665
7788666
7788667
7788668
7788669
7788771
7788772
7788773
7788775
7788776
7788777
7788778
7788779
7788881
7788882
7788883
7788885
7788886
7788887
7788888
7788889
7788991
7788992
7788993
7788995
7788996
7788997
7788998
7788999
7799111
7799112
7799113
7799115
7799116
7799117
7799118
7799119
7799221
7799222
7799223
7799225
7799226
7799227
7799228
7799229
7799331
7799332
7799333
7799335
7799336
7799337
7799338
7799339
7799551
7799552
7799553
7799555
7799556
7799557
7799558
7799559
7799661
7799662
7799663
7799665
7799666
7799667
7799668
7799669
7799771
7799772
7799773
7799775
7799776
7799777
7799778
7799779
7799881
7799882
7799883
7799885
7799886
7799887
7799888
7799889
7799991
7799992
7799993
7799995
7799996
7799997
7799998
7799999
8811111
8811112
8811113
8811115
8811116
8811117
8811118
8811119
8811221
8811222
8811223
8811225
8811226
8811227
8811228
8811229
8811331
8811332
8811333
8811335
8811336
8811337
8811338
8811339
8811551
8811552
8811553
8811555
8811556
8811557
8811558
8811559
8811661
8811662
8811663
8811665
8811666
8811667
8811668
8811669
8811771
8811772
8811773
8811775
8811776
8811777
8811778
8811779
8811881
8811882
8811883
8811885
8811886
8811887
8811888
8811889
8811991
8811992
8811993
8811995
8811996
8811997
8811998
8811999
8822111
8822112
8822113
8822115
8822116
8822117
8822118
8822119
8822221
8822222
8822223
8822225
8822226
8822227
8822228
8822229
8822331
8822332
8822333
8822335
8822336
8822337
8822338
8822339
8822551
8822552
8822553
8822555
8822556
8822557
8822558
8822559
8822661
8822662
8822663
8822665
8822666
8822667
8822668
8822669
8822771
8822772
8822773
8822775
8822776
8822777
8822778
8822779
8822881
8822882
8822883
8822885
8822886
8822887
8822888
8822889
8822991
8822992
8822993
8822995
8822996
8822997
8822998
8822999
8833111
8833112
8833113
8833115
8833116
8833117
8833118
8833119
8833221
8833222
8833223
8833225
8833226
8833227
8833228
8833229
8833331
8833332
8833333
8833335
8833336
8833337
8833338
8833339
8833551
8833552
8833553
8833555
8833556
8833557
8833558
8833559
8833661
8833662
8833663
8833665
8833666
8833667
8833668
8833669
8833771
8833772
8833773
8833775
8833776
8833777
8833778
8833779
8833881
8833882
8833883
8833885
8833886
8833887
8833888
8833889
8833991
8833992
8833993
8833995
8833996
8833997
8833998
8833999
8855111
8855112
8855113
8855115
8855116
8855117
8855118
8855119
8855221
8855222
8855223
8855225
8855226
8855227
8855228
8855229
8855331
8855332
8855333
8855335
8855336
8855337
8855338
8855339
8855551
8855552
8855553
8855555
8855556
8855557
8855558
8855559
8855661
8855662
8855663
8855665
8855666
8855667
8855668
8855669
8855771
8855772
8855773
8855775
8855776
8855777
8855778
8855779
8855881
8855882
8855883
8855885
8855886
8855887
8855888
8855889
8855991
8855992
8855993
8855995
8855996
8855997
8855998
8855999
8866111
8866112
8866113
8866115
8866116
8866117
8866118
8866119
8866221
8866222
8866223
8866225
8866226
8866227
8866228
8866229
8866331
8866332
8866333
8866335
8866336
8866337
8866338
8866339
8866551
8866552
8866553
8866555
8866556
8866557
8866558
8866559
8866661
8866662
8866663
8866665
8866666
8866667
8866668
8866669
8866771
8866772
8866773
8866775
8866776
8866777
8866778
8866779
8866881
8866882
8866883
8866885
8866886
8866887
8866888
8866889
8866991
8866992
8866993
8866995
8866996
8866997
8866998
8866999
8877111
8877112
8877113
8877115
8877116
8877117
8877118
8877119
8877221
8877222
8877223
8877225
8877226
8877227
8877228
8877229
8877331
8877332
8877333
8877335
8877336
8877337
8877338
8877339
8877551
8877552
8877553
8877555
8877556
8877557
8877558
8877559
8877661
8877662
8877663
8877665
8877666
8877667
8877668
8877669
8877771
8877772
8877773
8877775
8877776
8877777
8877778
8877779
8877881
8877882
8877883
8877885
8877886
8877887
8877888
8877889
8877991
8877992
8877993
8877995
8877996
8877997
8877998
8877999
8888111
8888112
8888113
8888115
8888116
8888117
8888118
8888119
8888221
8888222
8888223
8888225
8888226
8888227
8888228
8888229
8888331
8888332
8888333
8888335
8888336
8888337
8888338
8888339
8888551
8888552
8888553
8888555
8888556
8888557
8888558
8888559
8888661
8888662
8888663
8888665
8888666
8888667
8888668
8888669
8888771
8888772
8888773
8888775
8888776
8888777
8888778
8888779
8888881
8888882
8888883
8888885
8888886
8888887
8888888
8888889
8888991
8888992
8888993
8888995
8888996
8888997
8888998
8888999
8899111
8899112
8899113
8899115
8899116
8899117
8899118
8899119
8899221
8899222
8899223
8899225
8899226
8899227
8899228
8899229
8899331
8899332
8899333
8899335
8899336
8899337
8899338
8899339
8899551
8899552
8899553
8899555
8899556
8899557
8899558
8899559
8899661
8899662
8899663
8899665
8899666
8899667
8899668
8899669
8899771
8899772
8899773
8899775
8899776
8899777
8899778
8899779
8899881
8899882
8899883
8899885
8899886
8899887
8899888
8899889
8899991
8899992
8899993
8899995
8899996
8899997
8899998
8899999
9911111
9911112
9911113
9911115
9911116
9911117
9911118
9911119
9911221
9911222
9911223
9911225
9911226
9911227
9911228
9911229
9911331
9911332
9911333
9911335
9911336
9911337
9911338
9911339
9911551
9911552
9911553
9911555
9911556
9911557
9911558
9911559
9911661
9911662
9911663
9911665
9911666
9911667
9911668
9911669
9911771
9911772
9911773
9911775
9911776
9911777
9911778
9911779
9911881
9911882
9911883
9911885
9911886
9911887
9911888
9911889
9911991
9911992
9911993
9911995
9911996
9911997
9911998
9911999
9922111
9922112
9922113
9922115
9922116
9922117
9922118
9922119
9922221
9922222
9922223
9922225
9922226
9922227
9922228
9922229
9922331
9922332
9922333
9922335
9922336
9922337
9922338
9922339
9922551
9922552
9922553
9922555
9922556
9922557
9922558
9922559
9922661
9922662
9922663
9922665
9922666
9922667
9922668
9922669
9922771
9922772
9922773
9922775
9922776
9922777
9922778
9922779
9922881
9922882
9922883
9922885
9922886
9922887
9922888
9922889
9922991
9922992
9922993
9922995
9922996
9922997
9922998
9922999
9933111
9933112
9933113
9933115
9933116
9933117
9933118
9933119
9933221
9933222
9933223
9933225
9933226
9933227
9933228
9933229
9933331
9933332
9933333
9933335
9933336
9933337
9933338
9933339
9933551
9933552
9933553
9933555
9933556
9933557
9933558
9933559
9933661
9933662
9933663
9933665
9933666
9933667
9933668
9933669
9933771
9933772
9933773
9933775
9933776
9933777
9933778
9933779
9933881
9933882
9933883
9933885
9933886
9933887
9933888
9933889
9933991
9933992
9933993
9933995
9933996
9933997
9933998
9933999
9955111
9955112
9955113
9955115
9955116
9955117
9955118
9955119
9955221
9955222
9955223
9955225
9955226
9955227
9955228
9955229
9955331
9955332
9955333
9955335
9955336
9955337
9955338
9955339
9955551
9955552
9955553
9955555
9955556
9955557
9955558
9955559
9955661
9955662
9955663
9955665
9955666
9955667
9955668
9955669
9955771
9955772
9955773
9955775
9955776
9955777
9955778
9955779
9955881
9955882
9955883
9955885
9955886
9955887
9955888
9955889
9955991
9955992
9955993
9955995
9955996
9955997
9955998
9955999
9966111
9966112
9966113
9966115
9966116
9966117
9966118
9966119
9966221
9966222
9966223
9966225
9966226
9966227
9966228
9966229
9966331
9966332
9966333
9966335
9966336
9966337
9966338
9966339
9966551
9966552
9966553
9966555
9966556
9966557
9966558
9966559
9966661
9966662
9966663
9966665
9966666
9966667
9966668
9966669
9966771
9966772
9966773
9966775
9966776
9966777
9966778
9966779
9966881
9966882
9966883
9966885
9966886
9966887
9966888
9966889
9966991
9966992
9966993
9966995
9966996
9966997
9966998
9966999
9977111
9977112
9977113
9977115
9977116
9977117
9977118
9977119
9977221
9977222
9977223
9977225
9977226
9977227
9977228
9977229
9977331
9977332
9977333
9977335
9977336
9977337
9977338
9977339
9977551
9977552
9977553
9977555
9977556
9977557
9977558
9977559
9977661
9977662
9977663
9977665
9977666
9977667
9977668
9977669
9977771
9977772
9977773
9977775
9977776
9977777
9977778
9977779
9977881
9977882
9977883
9977885
9977886
9977887
9977888
9977889
9977991
9977992
9977993
9977995
9977996
9977997
9977998
9977999
9988111
9988112
9988113
9988115
9988116
9988117
9988118
9988119
9988221
9988222
9988223
9988225
9988226
9988227
9988228
9988229
9988331
9988332
9988333
9988335
9988336
9988337
9988338
9988339
9988551
9988552
9988553
9988555
9988556
9988557
9988558
9988559
9988661
9988662
9988663
9988665
9988666
9988667
9988668
9988669
9988771
9988772
9988773
9988775
9988776
9988777
9988778
9988779
9988881
9988882
9988883
9988885
9988886
9988887
9988888
9988889
9988991
9988992
9988993
9988995
9988996
9988997
9988998
9988999
9999111
9999112
9999113
9999115
9999116
9999117
9999118
9999119
9999221
9999222
9999223
9999225
9999226
9999227
9999228
9999229
9999331
9999332
9999333
9999335
9999336
9999337
9999338
9999339
9999551
9999552
9999553
9999555
9999556
9999557
9999558
9999559
9999661
9999662
9999663
9999665
9999666
9999667
9999668
9999669
9999771
9999772
9999773
9999775
9999776
9999777
9999778
9999779
9999881
9999882
9999883
9999885
9999886
9999887
9999888
9999889
9999991
9999992
9999993
9999995
9999996
9999997
9999998
9999999
1111111
1111122
1111133
1111155
1111166
1111177
1111188
1111199
1112211
1112222
1112233
1112255
1112266
1112277
1112288
1112299
1113311
1113322
1113333
1113355
1113366
1113377
1113388
1113399
1115511
1115522
1115533
1115555
1115566
1115577
1115588
1115599
1116611
1116622
1116633
1116655
1116666
1116677
1116688
1116699
1117711
1117722
1117733
1117755
1117766
1117777
1117788
1117799
1118811
1118822
1118833
1118855
1118866
1118877
1118888
1118899
1119911
1119922
1119933
1119955
1119966
1119977
1119988
1119999
1221111
1221122
1221133
1221155
1221166
1221177
1221188
1221199
1222211
1222222
1222233
1222255
1222266
1222277
1222288
1222299
1223311
1223322
1223333
1223355
1223366
1223377
1223388
1223399
1225511
1225522
1225533
1225555
1225566
1225577
1225588
1225599
1226611
1226622
1226633
1226655
1226666
1226677
1226688
1226699
1227711
1227722
1227733
1227755
1227766
1227777
1227788
1227799
1228811
1228822
1228833
1228855
1228866
1228877
1228888
1228899
1229911
1229922
1229933
1229955
1229966
1229977
1229988
1229999
1331111
1331122
1331133
1331155
1331166
1331177
1331188
1331199
1332211
1332222
1332233
1332255
1332266
1332277
1332288
1332299
1333311
1333322
1333333
1333355
1333366
1333377
1333388
1333399
1335511
1335522
1335533
1335555
1335566
1335577
1335588
1335599
1336611
1336622
1336633
1336655
1336666
1336677
1336688
1336699
1337711
1337722
1337733
1337755
1337766
1337777
1337788
1337799
1338811
1338822
1338833
1338855
1338866
1338877
1338888
1338899
1339911
1339922
1339933
1339955
1339966
1339977
1339988
1339999
1551111
1551122
1551133
1551155
1551166
1551177
1551188
1551199
1552211
1552222
1552233
1552255
1552266
1552277
1552288
1552299
1553311
1553322
1553333
1553355
1553366
1553377
1553388
1553399
1555511
1555522
1555533
1555555
1555566
1555577
1555588
1555599
1556611
1556622
1556633
1556655
1556666
1556677
1556688
1556699
1557711
1557722
1557733
1557755
1557766
1557777
1557788
1557799
1558811
1558822
1558833
1558855
1558866
1558877
1558888
1558899
1559911
1559922
1559933
1559955
1559966
1559977
1559988
1559999
1661111
1661122
1661133
1661155
1661166
1661177
1661188
1661199
1662211
1662222
1662233
1662255
1662266
1662277
1662288
1662299
1663311
1663322
1663333
1663355
1663366
1663377
1663388
1663399
1665511
1665522
1665533
1665555
1665566
1665577
1665588
1665599
1666611
1666622
1666633
1666655
1666666
1666677
1666688
1666699
1667711
1667722
1667733
1667755
1667766
1667777
1667788
1667799
1668811
1668822
1668833
1668855
1668866
1668877
1668888
1668899
1669911
1669922
1669933
1669955
1669966
1669977
1669988
1669999
1771111
1771122
1771133
1771155
1771166
1771177
1771188
1771199
1772211
1772222
1772233
1772255
1772266
1772277
1772288
1772299
1773311
1773322
1773333
1773355
1773366
1773377
1773388
1773399
1775511
1775522
1775533
1775555
1775566
1775577
1775588
1775599
1776611
1776622
1776633
1776655
1776666
1776677
1776688
1776699
1777711
1777722
1777733
1777755
1777766
1777777
1777788
1777799
1778811
1778822
1778833
1778855
1778866
1778877
1778888
1778899
1779911
1779922
1779933
1779955
1779966
1779977
1779988
1779999
1881111
1881122
1881133
1881155
1881166
1881177
1881188
1881199
1882211
1882222
1882233
1882255
1882266
1882277
1882288
1882299
1883311
1883322
1883333
1883355
1883366
1883377
1883388
1883399
1885511
1885522
1885533
1885555
1885566
1885577
1885588
1885599
1886611
1886622
1886633
1886655
1886666
1886677
1886688
1886699
1887711
1887722
1887733
1887755
1887766
1887777
1887788
1887799
1888811
1888822
1888833
1888855
1888866
1888877
1888888
1888899
1889911
1889922
1889933
1889955
1889966
1889977
1889988
1889999
1991111
1991122
1991133
1991155
1991166
1991177
1991188
1991199
1992211
1992222
1992233
1992255
1992266
1992277
1992288
1992299
1993311
1993322
1993333
1993355
1993366
1993377
1993388
1993399
1995511
1995522
1995533
1995555
1995566
1995577
1995588
1995599
1996611
1996622
1996633
1996655
1996666
1996677
1996688
1996699
1997711
1997722
1997733
1997755
1997766
1997777
1997788
1997799
1998811
1998822
1998833
1998855
1998866
1998877
1998888
1998899
1999911
1999922
1999933
1999955
1999966
1999977
1999988
1999999
2111111
2111122
2111133
2111155
2111166
2111177
2111188
2111199
2112211
2112222
2112233
2112255
2112266
2112277
2112288
2112299
2113311
2113322
2113333
2113355
2113366
2113377
2113388
2113399
2115511
2115522
2115533
2115555
2115566
2115577
2115588
2115599
2116611
2116622
2116633
2116655
2116666
2116677
2116688
2116699
2117711
2117722
2117733
2117755
2117766
2117777
2117788
2117799
2118811
2118822
2118833
2118855
2118866
2118877
2118888
2118899
2119911
2119922
2119933
2119955
2119966
2119977
2119988
2119999
2221111
2221122
2221133
2221155
2221166
2221177
2221188
2221199
2222211
2222222
2222233
2222255
2222266
2222277
2222288
2222299
2223311
2223322
2223333
2223355
2223366
2223377
2223388
2223399
2225511
2225522
2225533
2225555
2225566
2225577
2225588
2225599
2226611
2226622
2226633
2226655
2226666
2226677
2226688
2226699
2227711
2227722
2227733
2227755
2227766
2227777
2227788
2227799
2228811
2228822
2228833
2228855
2228866
2228877
2228888
2228899
2229911
2229922
2229933
2229955
2229966
2229977
2229988
2229999
2331111
2331122
2331133
2331155
2331166
2331177
2331188
2331199
2332211
2332222
2332233
2332255
2332266
2332277
2332288
2332299
2333311
2333322
2333333
2333355
2333366
2333377
2333388
2333399
2335511
2335522
2335533
2335555
2335566
2335577
2335588
2335599
2336611
2336622
2336633
2336655
2336666
2336677
2336688
2336699
2337711
2337722
2337733
2337755
2337766
2337777
2337788
2337799
2338811
2338822
2338833
2338855
2338866
2338877
2338888
2338899
2339911
2339922
2339933
2339955
2339966
2339977
2339988
2339999
2551111
2551122
2551133
2551155
2551166
2551177
2551188
2551199
2552211
2552222
2552233
2552255
2552266
2552277
2552288
2552299
2553311
2553322
2553333
2553355
2553366
2553377
2553388
2553399
2555511
2555522
2555533
2555555
2555566
2555577
2555588
2555599
2556611
2556622
2556633
2556655
2556666
2556677
2556688
2556699
2557711
2557722
2557733
2557755
2557766
2557777
2557788
2557799
2558811
2558822
2558833
2558855
2558866
2558877
2558888
2558899
2559911
2559922
2559933
2559955
2559966
2559977
2559988
2559999
2661111
2661122
2661133
2661155
2661166
2661177
2661188
2661199
2662211
2662222
2662233
2662255
2662266
2662277
2662288
2662299
2663311
2663322
2663333
2663355
2663366
2663377
2663388
2663399
2665511
2665522
2665533
2665555
2665566
2665577
2665588
2665599
2666611
2666622
2666633
2666655
2666666
2666677
2666688
2666699
2667711
2667722
2667733
2667755
2667766
2667777
2667788
2667799
2668811
2668822
2668833
2668855
2668866
2668877
2668888
2668899
2669911
2669922
2669933
2669955
2669966
2669977
2669988
2669999
2771111
2771122
2771133
2771155
2771166
2771177
2771188
2771199
2772211
2772222
2772233
2772255
2772266
2772277
2772288
2772299
2773311
2773322
2773333
2773355
2773366
2773377
2773388
2773399
2775511
2775522
2775533
2775555
2775566
2775577
2775588
2775599
2776611
2776622
2776633
2776655
2776666
2776677
2776688
2776699
2777711
2777722
2777733
2777755
2777766
2777777
2777788
2777799
2778811
2778822
2778833
2778855
2778866
2778877
2778888
2778899
2779911
2779922
2779933
2779955
2779966
2779977
2779988
2779999
2881111
2881122
2881133
2881155
2881166
2881177
2881188
2881199
2882211
2882222
2882233
2882255
2882266
2882277
2882288
2882299
2883311
2883322
2883333
2883355
2883366
2883377
2883388
2883399
2885511
2885522
2885533
2885555
2885566
2885577
2885588
2885599
2886611
2886622
2886633
2886655
2886666
2886677
2886688
2886699
2887711
2887722
2887733
2887755
2887766
2887777
2887788
2887799
2888811
2888822
2888833
2888855
2888866
2888877
2888888
2888899
2889911
2889922
2889933
2889955
2889966
2889977
2889988
2889999
2991111
2991122
2991133
2991155
2991166
2991177
2991188
2991199
2992211
2992222
2992233
2992255
2992266
2992277
2992288
2992299
2993311
2993322
2993333
2993355
2993366
2993377
2993388
2993399
2995511
2995522
2995533
2995555
2995566
2995577
2995588
2995599
2996611
2996622
2996633
2996655
2996666
2996677
2996688
2996699
2997711
2997722
2997733
2997755
2997766
2997777
2997788
2997799
2998811
2998822
2998833
2998855
2998866
2998877
2998888
2998899
2999911
2999922
2999933
2999955
2999966
2999977
2999988
2999999
3111111
3111122
3111133
3111155
3111166
3111177
3111188
3111199
3112211
3112222
3112233
3112255
3112266
3112277
3112288
3112299
3113311
3113322
3113333
3113355
3113366
3113377
3113388
3113399
3115511
3115522
3115533
3115555
3115566
3115577
3115588
3115599
3116611
3116622
3116633
3116655
3116666
3116677
3116688
3116699
3117711
3117722
3117733
3117755
3117766
3117777
3117788
3117799
3118811
3118822
3118833
3118855
3118866
3118877
3118888
3118899
3119911
3119922
3119933
3119955
3119966
3119977
3119988
3119999
3221111
3221122
3221133
3221155
3221166
3221177
3221188
3221199
3222211
3222222
3222233
3222255
3222266
3222277
3222288
3222299
3223311
3223322
3223333
3223355
3223366
3223377
3223388
3223399
3225511
3225522
3225533
3225555
3225566
3225577
3225588
3225599
3226611
3226622
3226633
3226655
3226666
3226677
3226688
3226699
3227711
3227722
3227733
3227755
3227766
3227777
3227788
3227799
3228811
3228822
3228833
3228855
3228866
3228877
3228888
3228899
3229911
3229922
3229933
3229955
3229966
3229977
3229988
3229999
3331111
3331122
3331133
3331155
3331166
3331177
3331188
3331199
3332211
3332222
3332233
3332255
3332266
3332277
3332288
3332299
3333311
3333322
3333333
3333355
3333366
3333377
3333388
3333399
3335511
3335522
3335533
3335555
3335566
3335577
3335588
3335599
3336611
3336622
3336633
3336655
3336666
3336677
3336688
3336699
3337711
3337722
3337733
3337755
3337766
3337777
3337788
3337799
3338811
3338822
3338833
3338855
3338866
3338877
3338888
3338899
3339911
3339922
3339933
3339955
3339966
3339977
3339988
3339999
3551111
3551122
3551133
3551155
3551166
3551177
3551188
3551199
3552211
3552222
3552233
3552255
3552266
3552277
3552288
3552299
3553311
3553322
3553333
3553355
3553366
3553377
3553388
3553399
3555511
3555522
3555533
3555555
3555566
3555577
3555588
3555599
3556611
3556622
3556633
3556655
3556666
3556677
3556688
3556699
3557711
3557722
3557733
3557755
3557766
3557777
3557788
3557799
3558811
3558822
3558833
3558855
3558866
3558877
3558888
3558899
3559911
3559922
3559933
3559955
3559966
3559977
3559988
3559999
3661111
3661122
3661133
3661155
3661166
3661177
3661188
3661199
3662211
3662222
3662233
3662255
3662266
3662277
3662288
3662299
3663311
3663322
3663333
3663355
3663366
3663377
3663388
3663399
3665511
3665522
3665533
3665555
3665566
3665577
3665588
3665599
3666611
3666622
3666633
3666655
3666666
3666677
3666688
3666699
3667711
3667722
3667733
3667755
3667766
3667777
3667788
3667799
3668811
3668822
3668833
3668855
3668866
3668877
3668888
3668899
3669911
3669922
3669933
3669955
3669966
3669977
3669988
3669999
3771111
3771122
3771133
3771155
3771166
3771177
3771188
3771199
3772211
3772222
3772233
3772255
3772266
3772277
3772288
3772299
3773311
3773322
3773333
3773355
3773366
3773377
3773388
3773399
3775511
3775522
3775533
3775555
3775566
3775577
3775588
3775599
3776611
3776622
3776633
3776655
3776666
3776677
3776688
3776699
3777711
3777722
3777733
3777755
3777766
3777777
3777788
3777799
3778811
3778822
3778833
3778855
3778866
3778877
3778888
3778899
3779911
3779922
3779933
3779955
3779966
3779977
3779988
3779999
3881111
3881122
3881133
3881155
3881166
3881177
3881188
3881199
3882211
3882222
3882233
3882255
3882266
3882277
3882288
3882299
3883311
3883322
3883333
3883355
3883366
3883377
3883388
3883399
3885511
3885522
3885533
3885555
3885566
3885577
3885588
3885599
3886611
3886622
3886633
3886655
3886666
3886677
3886688
3886699
3887711
3887722
3887733
3887755
3887766
3887777
3887788
3887799
3888811
3888822
3888833
3888855
3888866
3888877
3888888
3888899
3889911
3889922
3889933
3889955
3889966
3889977
3889988
3889999
3991111
3991122
3991133
3991155
3991166
3991177
3991188
3991199
3992211
3992222
3992233
3992255
3992266
3992277
3992288
3992299
3993311
3993322
3993333
3993355
3993366
3993377
3993388
3993399
3995511
3995522
3995533
3995555
3995566
3995577
3995588
3995599
3996611
3996622
3996633
3996655
3996666
3996677
3996688
3996699
3997711
3997722
3997733
3997755
3997766
3997777
3997788
3997799
3998811
3998822
3998833
3998855
3998866
3998877
3998888
3998899
3999911
3999922
3999933
3999955
3999966
3999977
3999988
3999999
5111111
5111122
5111133
5111155
5111166
5111177
5111188
5111199
5112211
5112222
5112233
5112255
5112266
5112277
5112288
5112299
5113311
5113322
5113333
5113355
5113366
5113377
5113388
5113399
5115511
5115522
5115533
5115555
5115566
5115577
5115588
5115599
5116611
5116622
5116633
5116655
5116666
5116677
5116688
5116699
5117711
5117722
5117733
5117755
5117766
5117777
5117788
5117799
5118811
5118822
5118833
5118855
5118866
5118877
5118888
5118899
5119911
5119922
5119933
5119955
5119966
5119977
5119988
5119999
5221111
5221122
5221133
5221155
5221166
5221177
5221188
5221199
5222211
5222222
5222233
5222255
5222266
5222277
5222288
5222299
5223311
5223322
5223333
5223355
5223366
5223377
5223388
5223399
5225511
5225522
5225533
5225555
5225566
5225577
5225588
5225599
5226611
5226622
5226633
5226655
5226666
5226677
5226688
5226699
5227711
5227722
5227733
5227755
5227766
5227777
5227788
5227799
5228811
5228822
5228833
5228855
5228866
5228877
5228888
5228899
5229911
5229922
5229933
5229955
5229966
5229977
5229988
5229999
5331111
5331122
5331133
5331155
5331166
5331177
5331188
5331199
5332211
5332222
5332233
5332255
5332266
5332277
5332288
5332299
5333311
5333322
5333333
5333355
5333366
5333377
5333388
5333399
5335511
5335522
5335533
5335555
5335566
5335577
5335588
5335599
5336611
5336622
5336633
5336655
5336666
5336677
5336688
5336699
5337711
5337722
5337733
5337755
5337766
5337777
5337788
5337799
5338811
5338822
5338833
5338855
5338866
5338877
5338888
5338899
5339911
5339922
5339933
5339955
5339966
5339977
5339988
5339999
5551111
5551122
5551133
5551155
5551166
5551177
5551188
5551199
5552211
5552222
5552233
5552255
5552266
5552277
5552288
5552299
5553311
5553322
5553333
5553355
5553366
5553377
5553388
5553399
5555511
5555522
5555533
5555555
5555566
5555577
5555588
5555599
5556611
5556622
5556633
5556655
5556666
5556677
5556688
5556699
5557711
5557722
5557733
5557755
5557766
5557777
5557788
5557799
5558811
5558822
5558833
5558855
5558866
5558877
5558888
5558899
5559911
5559922
5559933
5559955
5559966
5559977
5559988
5559999
5661111
5661122
5661133
5661155
5661166
5661177
5661188
5661199
5662211
5662222
5662233
5662255
5662266
5662277
5662288
5662299
5663311
5663322
5663333
5663355
5663366
5663377
5663388
5663399
5665511
5665522
5665533
5665555
5665566
5665577
5665588
5665599
5666611
5666622
5666633
5666655
5666666
5666677
5666688
5666699
5667711
5667722
5667733
5667755
5667766
5667777
5667788
5667799
5668811
5668822
5668833
5668855
5668866
5668877
5668888
5668899
5669911
5669922
5669933
5669955
5669966
5669977
5669988
5669999
5771111
5771122
5771133
5771155
5771166
5771177
5771188
5771199
5772211
5772222
5772233
5772255
5772266
5772277
5772288
5772299
5773311
5773322
5773333
5773355
5773366
5773377
5773388
5773399
5775511
5775522
5775533
5775555
5775566
5775577
5775588
5775599
5776611
5776622
5776633
5776655
5776666
5776677
5776688
5776699
5777711
5777722
5777733
5777755
5777766
5777777
5777788
5777799
5778811
5778822
5778833
5778855
5778866
5778877
5778888
5778899
5779911
5779922
5779933
5779955
5779966
5779977
5779988
5779999
5881111
5881122
5881133
5881155
5881166
5881177
5881188
5881199
5882211
5882222
5882233
5882255
5882266
5882277
5882288
5882299
5883311
5883322
5883333
5883355
5883366
5883377
5883388
5883399
5885511
5885522
5885533
5885555
5885566
5885577
5885588
5885599
5886611
5886622
5886633
5886655
5886666
5886677
5886688
5886699
5887711
5887722
5887733
5887755
5887766
5887777
5887788
5887799
5888811
5888822
5888833
5888855
5888866
5888877
5888888
5888899
5889911
5889922
5889933
5889955
5889966
5889977
5889988
5889999
5991111
5991122
5991133
5991155
5991166
5991177
5991188
5991199
5992211
5992222
5992233
5992255
5992266
5992277
5992288
5992299
5993311
5993322
5993333
5993355
5993366
5993377
5993388
5993399
5995511
5995522
5995533
5995555
5995566
5995577
5995588
5995599
5996611
5996622
5996633
5996655
5996666
5996677
5996688
5996699
5997711
5997722
5997733
5997755
5997766
5997777
5997788
5997799
5998811
5998822
5998833
5998855
5998866
5998877
5998888
5998899
5999911
5999922
5999933
5999955
5999966
5999977
5999988
5999999
6111111
6111122
6111133
6111155
6111166
6111177
6111188
6111199
6112211
6112222
6112233
6112255
6112266
6112277
6112288
6112299
6113311
6113322
6113333
6113355
6113366
6113377
6113388
6113399
6115511
6115522
6115533
6115555
6115566
6115577
6115588
6115599
6116611
6116622
6116633
6116655
6116666
6116677
6116688
6116699
6117711
6117722
6117733
6117755
6117766
6117777
6117788
6117799
6118811
6118822
6118833
6118855
6118866
6118877
6118888
6118899
6119911
6119922
6119933
6119955
6119966
6119977
6119988
6119999
6221111
6221122
6221133
6221155
6221166
6221177
6221188
6221199
6222211
6222222
6222233
6222255
6222266
6222277
6222288
6222299
6223311
6223322
6223333
6223355
6223366
6223377
6223388
6223399
6225511
6225522
6225533
6225555
6225566
6225577
6225588
6225599
6226611
6226622
6226633
6226655
6226666
6226677
6226688
6226699
6227711
6227722
6227733
6227755
6227766
6227777
6227788
6227799
6228811
6228822
6228833
6228855
6228866
6228877
6228888
6228899
6229911
6229922
6229933
6229955
6229966
6229977
6229988
6229999
6331111
6331122
6331133
6331155
6331166
6331177
6331188
6331199
6332211
6332222
6332233
6332255
6332266
6332277
6332288
6332299
6333311
6333322
6333333
6333355
6333366
6333377
6333388
6333399
6335511
6335522
6335533
6335555
6335566
6335577
6335588
6335599
6336611
6336622
6336633
6336655
6336666
6336677
6336688
6336699
6337711
6337722
6337733
6337755
6337766
6337777
6337788
6337799
6338811
6338822
6338833
6338855
6338866
6338877
6338888
6338899
6339911
6339922
6339933
6339955
6339966
6339977
6339988
6339999
6551111
6551122
6551133
6551155
6551166
6551177
6551188
6551199
6552211
6552222
6552233
6552255
6552266
6552277
6552288
6552299
6553311
6553322
6553333
6553355
6553366
6553377
6553388
6553399
6555511
6555522
6555533
6555555
6555566
6555577
6555588
6555599
6556611
6556622
6556633
6556655
6556666
6556677
6556688
6556699
6557711
6557722
6557733
6557755
6557766
6557777
6557788
6557799
6558811
6558822
6558833
6558855
6558866
6558877
6558888
6558899
6559911
6559922
6559933
6559955
6559966
6559977
6559988
6559999
6661111
6661122
6661133
6661155
6661166
6661177
6661188
6661199
6662211
6662222
6662233
6662255
6662266
6662277
6662288
6662299
6663311
6663322
6663333
6663355
6663366
6663377
6663388
6663399
6665511
6665522
6665533
6665555
6665566
6665577
6665588
6665599
6666611
6666622
6666633
6666655
6666666
6666677
6666688
6666699
6667711
6667722
6667733
6667755
6667766
6667777
6667788
6667799
6668811
6668822
6668833
6668855
6668866
6668877
6668888
6668899
6669911
6669922
6669933
6669955
6669966
6669977
6669988
6669999
6771111
6771122
6771133
6771155
6771166
6771177
6771188
6771199
6772211
6772222
6772233
6772255
6772266
6772277
6772288
6772299
6773311
6773322
6773333
6773355
6773366
6773377
6773388
6773399
6775511
6775522
6775533
6775555
6775566
6775577
6775588
6775599
6776611
6776622
6776633
6776655
6776666
6776677
6776688
6776699
6777711
6777722
6777733
6777755
6777766
6777777
6777788
6777799
6778811
6778822
6778833
6778855
6778866
6778877
6778888
6778899
6779911
6779922
6779933
6779955
6779966
6779977
6779988
6779999
6881111
6881122
6881133
6881155
6881166
6881177
6881188
6881199
6882211
6882222
6882233
6882255
6882266
6882277
6882288
6882299
6883311
6883322
6883333
6883355
6883366
6883377
6883388
6883399
6885511
6885522
6885533
6885555
6885566
6885577
6885588
6885599
6886611
6886622
6886633
6886655
6886666
6886677
6886688
6886699
6887711
6887722
6887733
6887755
6887766
6887777
6887788
6887799
6888811
6888822
6888833
6888855
6888866
6888877
6888888
6888899
6889911
6889922
6889933
6889955
6889966
6889977
6889988
6889999
6991111
6991122
6991133
6991155
6991166
6991177
6991188
6991199
6992211
6992222
6992233
6992255
6992266
6992277
6992288
6992299
6993311
6993322
6993333
6993355
6993366
6993377
6993388
6993399
6995511
6995522
6995533
6995555
6995566
6995577
6995588
6995599
6996611
6996622
6996633
6996655
6996666
6996677
6996688
6996699
6997711
6997722
6997733
6997755
6997766
6997777
6997788
6997799
6998811
6998822
6998833
6998855
6998866
6998877
6998888
6998899
6999911
6999922
6999933
6999955
6999966
6999977
6999988
6999999
7111111
7111122
7111133
7111155
7111166
7111177
7111188
7111199
7112211
7112222
7112233
7112255
7112266
7112277
7112288
7112299
7113311
7113322
7113333
7113355
7113366
7113377
7113388
7113399
7115511
7115522
7115533
7115555
7115566
7115577
7115588
7115599
7116611
7116622
7116633
7116655
7116666
7116677
7116688
7116699
7117711
7117722
7117733
7117755
7117766
7117777
7117788
7117799
7118811
7118822
7118833
7118855
7118866
7118877
7118888
7118899
7119911
7119922
7119933
7119955
7119966
7119977
7119988
7119999
7221111
7221122
7221133
7221155
7221166
7221177
7221188
7221199
7222211
7222222
7222233
7222255
7222266
7222277
7222288
7222299
7223311
7223322
7223333
7223355
7223366
7223377
7223388
7223399
7225511
7225522
7225533
7225555
7225566
7225577
7225588
7225599
7226611
7226622
7226633
7226655
7226666
7226677
7226688
7226699
7227711
7227722
7227733
7227755
7227766
7227777
7227788
7227799
7228811
7228822
7228833
7228855
7228866
7228877
7228888
7228899
7229911
7229922
7229933
7229955
7229966
7229977
7229988
7229999
7331111
7331122
7331133
7331155
7331166
7331177
7331188
7331199
7332211
7332222
7332233
7332255
7332266
7332277
7332288
7332299
7333311
7333322
7333333
7333355
7333366
7333377
7333388
7333399
7335511
7335522
7335533
7335555
7335566
7335577
7335588
7335599
7336611
7336622
7336633
7336655
7336666
7336677
7336688
7336699
7337711
7337722
7337733
7337755
7337766
7337777
7337788
7337799
7338811
7338822
7338833
7338855
7338866
7338877
7338888
7338899
7339911
7339922
7339933
7339955
7339966
7339977
7339988
7339999
7551111
7551122
7551133
7551155
7551166
7551177
7551188
7551199
7552211
7552222
7552233
7552255
7552266
7552277
7552288
7552299
7553311
7553322
7553333
7553355
7553366
7553377
7553388
7553399
7555511
7555522
7555533
7555555
7555566
7555577
7555588
7555599
7556611
7556622
7556633
7556655
7556666
7556677
7556688
7556699
7557711
7557722
7557733
7557755
7557766
7557777
7557788
7557799
7558811
7558822
7558833
7558855
7558866
7558877
7558888
7558899
7559911
7559922
7559933
7559955
7559966
7559977
7559988
7559999
7661111
7661122
7661133
7661155
7661166
7661177
7661188
7661199
7662211
7662222
7662233
7662255
7662266
7662277
7662288
7662299
7663311
7663322
7663333
7663355
7663366
7663377
7663388
7663399
7665511
7665522
7665533
7665555
7665566
7665577
7665588
7665599
7666611
7666622
7666633
7666655
7666666
7666677
7666688
7666699
7667711
7667722
7667733
7667755
7667766
7667777
7667788
7667799
7668811
7668822
7668833
7668855
7668866
7668877
7668888
7668899
7669911
7669922
7669933
7669955
7669966
7669977
7669988
7669999
7771111
7771122
7771133
7771155
7771166
7771177
7771188
7771199
7772211
7772222
7772233
7772255
7772266
7772277
7772288
7772299
7773311
7773322
7773333
7773355
7773366
7773377
7773388
7773399
7775511
7775522
7775533
7775555
7775566
7775577
7775588
7775599
7776611
7776622
7776633
7776655
7776666
7776677
7776688
7776699
7777711
7777722
7777733
7777755
7777766
7777777
7777788
7777799
7778811
7778822
7778833
7778855
7778866
7778877
7778888
7778899
7779911
7779922
7779933
7779955
7779966
7779977
7779988
7779999
7881111
7881122
7881133
7881155
7881166
7881177
7881188
7881199
7882211
7882222
7882233
7882255
7882266
7882277
7882288
7882299
7883311
7883322
7883333
7883355
7883366
7883377
7883388
7883399
7885511
7885522
7885533
7885555
7885566
7885577
7885588
7885599
7886611
7886622
7886633
7886655
7886666
7886677
7886688
7886699
7887711
7887722
7887733
7887755
7887766
7887777
7887788
7887799
7888811
7888822
7888833
7888855
7888866
7888877
7888888
7888899
7889911
7889922
7889933
7889955
7889966
7889977
7889988
7889999
7991111
7991122
7991133
7991155
7991166
7991177
7991188
7991199
7992211
7992222
7992233
7992255
7992266
7992277
7992288
7992299
7993311
7993322
7993333
7993355
7993366
7993377
7993388
7993399
7995511
7995522
7995533
7995555
7995566
7995577
7995588
7995599
7996611
7996622
7996633
7996655
7996666
7996677
7996688
7996699
7997711
7997722
7997733
7997755
7997766
7997777
7997788
7997799
7998811
7998822
7998833
7998855
7998866
7998877
7998888
7998899
7999911
7999922
7999933
7999955
7999966
7999977
7999988
7999999
8111111
8111122
8111133
8111155
8111166
8111177
8111188
8111199
8112211
8112222
8112233
8112255
8112266
8112277
8112288
8112299
8113311
8113322
8113333
8113355
8113366
8113377
8113388
8113399
8115511
8115522
8115533
8115555
8115566
8115577
8115588
8115599
8116611
8116622
8116633
8116655
8116666
8116677
8116688
8116699
8117711
8117722
8117733
8117755
8117766
8117777
8117788
8117799
8118811
8118822
8118833
8118855
8118866
8118877
8118888
8118899
8119911
8119922
8119933
8119955
8119966
8119977
8119988
8119999
8221111
8221122
8221133
8221155
8221166
8221177
8221188
8221199
8222211
8222222
8222233
8222255
8222266
8222277
8222288
8222299
8223311
8223322
8223333
8223355
8223366
8223377
8223388
8223399
8225511
8225522
8225533
8225555
8225566
8225577
8225588
8225599
8226611
8226622
8226633
8226655
8226666
8226677
8226688
8226699
8227711
8227722
8227733
8227755
8227766
8227777
8227788
8227799
8228811
8228822
8228833
8228855
8228866
8228877
8228888
8228899
8229911
8229922
8229933
8229955
8229966
8229977
8229988
8229999
8331111
8331122
8331133
8331155
8331166
8331177
8331188
8331199
8332211
8332222
8332233
8332255
8332266
8332277
8332288
8332299
8333311
8333322
8333333
8333355
8333366
8333377
8333388
8333399
8335511
8335522
8335533
8335555
8335566
8335577
8335588
8335599
8336611
8336622
8336633
8336655
8336666
8336677
8336688
8336699
8337711
8337722
8337733
8337755
8337766
8337777
8337788
8337799
8338811
8338822
8338833
8338855
8338866
8338877
8338888
8338899
8339911
8339922
8339933
8339955
8339966
8339977
8339988
8339999
8551111
8551122
8551133
8551155
8551166
8551177
8551188
8551199
8552211
8552222
8552233
8552255
8552266
8552277
8552288
8552299
8553311
8553322
8553333
8553355
8553366
8553377
8553388
8553399
8555511
8555522
8555533
8555555
8555566
8555577
8555588
8555599
8556611
8556622
8556633
8556655
8556666
8556677
8556688
8556699
8557711
8557722
8557733
8557755
8557766
8557777
8557788
8557799
8558811
8558822
8558833
8558855
8558866
8558877
8558888
8558899
8559911
8559922
8559933
8559955
8559966
8559977
8559988
8559999
8661111
8661122
8661133
8661155
8661166
8661177
8661188
8661199
8662211
8662222
8662233
8662255
8662266
8662277
8662288
8662299
8663311
8663322
8663333
8663355
8663366
8663377
8663388
8663399
8665511
8665522
8665533
8665555
8665566
8665577
8665588
8665599
8666611
8666622
8666633
8666655
8666666
8666677
8666688
8666699
8667711
8667722
8667733
8667755
8667766
8667777
8667788
8667799
8668811
8668822
8668833
8668855
8668866
8668877
8668888
8668899
8669911
8669922
8669933
8669955
8669966
8669977
8669988
8669999
8771111
8771122
8771133
8771155
8771166
8771177
8771188
8771199
8772211
8772222
8772233
8772255
8772266
8772277
8772288
8772299
8773311
8773322
8773333
8773355
8773366
8773377
8773388
8773399
8775511
8775522
8775533
8775555
8775566
8775577
8775588
8775599
8776611
8776622
8776633
8776655
8776666
8776677
8776688
8776699
8777711
8777722
8777733
8777755
8777766
8777777
8777788
8777799
8778811
8778822
8778833
8778855
8778866
8778877
8778888
8778899
8779911
8779922
8779933
8779955
8779966
8779977
8779988
8779999
8881111
8881122
8881133
8881155
8881166
8881177
8881188
8881199
8882211
8882222
8882233
8882255
8882266
8882277
8882288
8882299
8883311
8883322
8883333
8883355
8883366
8883377
8883388
8883399
8885511
8885522
8885533
8885555
8885566
8885577
8885588
8885599
8886611
8886622
8886633
8886655
8886666
8886677
8886688
8886699
8887711
8887722
8887733
8887755
8887766
8887777
8887788
8887799
8888811
8888822
8888833
8888855
8888866
8888877
8888888
8888899
8889911
8889922
8889933
8889955
8889966
8889977
8889988
8889999
8991111
8991122
8991133
8991155
8991166
8991177
8991188
8991199
8992211
8992222
8992233
8992255
8992266
8992277
8992288
8992299
8993311
8993322
8993333
8993355
8993366
8993377
8993388
8993399
8995511
8995522
8995533
8995555
8995566
8995577
8995588
8995599
8996611
8996622
8996633
8996655
8996666
8996677
8996688
8996699
8997711
8997722
8997733
8997755
8997766
8997777
8997788
8997799
8998811
8998822
8998833
8998855
8998866
8998877
8998888
8998899
8999911
8999922
8999933
8999955
8999966
8999977
8999988
8999999
9111111
9111122
9111133
9111155
9111166
9111177
9111188
9111199
9112211
9112222
9112233
9112255
9112266
9112277
9112288
9112299
9113311
9113322
9113333
9113355
9113366
9113377
9113388
9113399
9115511
9115522
9115533
9115555
9115566
9115577
9115588
9115599
9116611
9116622
9116633
9116655
9116666
9116677
9116688
9116699
9117711
9117722
9117733
9117755
9117766
9117777
9117788
9117799
9118811
9118822
9118833
9118855
9118866
9118877
9118888
9118899
9119911
9119922
9119933
9119955
9119966
9119977
9119988
9119999
9221111
9221122
9221133
9221155
9221166
9221177
9221188
9221199
9222211
9222222
9222233
9222255
9222266
9222277
9222288
9222299
9223311
9223322
9223333
9223355
9223366
9223377
9223388
9223399
9225511
9225522
9225533
9225555
9225566
9225577
9225588
9225599
9226611
9226622
9226633
9226655
9226666
9226677
9226688
9226699
9227711
9227722
9227733
9227755
9227766
9227777
9227788
9227799
9228811
9228822
9228833
9228855
9228866
9228877
9228888
9228899
9229911
9229922
9229933
9229955
9229966
9229977
9229988
9229999
9331111
9331122
9331133
9331155
9331166
9331177
9331188
9331199
9332211
9332222
9332233
9332255
9332266
9332277
9332288
9332299
9333311
9333322
9333333
9333355
9333366
9333377
9333388
9333399
9335511
9335522
9335533
9335555
9335566
9335577
9335588
9335599
9336611
9336622
9336633
9336655
9336666
9336677
9336688
9336699
9337711
9337722
9337733
9337755
9337766
9337777
9337788
9337799
9338811
9338822
9338833
9338855
9338866
9338877
9338888
9338899
9339911
9339922
9339933
9339955
9339966
9339977
9339988
9339999
9551111
9551122
9551133
9551155
9551166
9551177
9551188
9551199
9552211
9552222
9552233
9552255
9552266
9552277
9552288
9552299
9553311
9553322
9553333
9553355
9553366
9553377
9553388
9553399
9555511
9555522
9555533
9555555
9555566
9555577
9555588
9555599
9556611
9556622
9556633
9556655
9556666
9556677
9556688
9556699
9557711
9557722
9557733
9557755
9557766
9557777
9557788
9557799
9558811
9558822
9558833
9558855
9558866
9558877
9558888
9558899
9559911
9559922
9559933
9559955
9559966
9559977
9559988
9559999
9661111
9661122
9661133
9661155
9661166
9661177
9661188
9661199
9662211
9662222
9662233
9662255
9662266
9662277
9662288
9662299
9663311
9663322
9663333
9663355
9663366
9663377
9663388
9663399
9665511
9665522
9665533
9665555
9665566
9665577
9665588
9665599
9666611
9666622
9666633
9666655
9666666
9666677
9666688
9666699
9667711
9667722
9667733
9667755
9667766
9667777
9667788
9667799
9668811
9668822
9668833
9668855
9668866
9668877
9668888
9668899
9669911
9669922
9669933
9669955
9669966
9669977
9669988
9669999
9771111
9771122
9771133
9771155
9771166
9771177
9771188
9771199
9772211
9772222
9772233
9772255
9772266
9772277
9772288
9772299
9773311
9773322
9773333
9773355
9773366
9773377
9773388
9773399
9775511
9775522
9775533
9775555
9775566
9775577
9775588
9775599
9776611
9776622
9776633
9776655
9776666
9776677
9776688
9776699
9777711
9777722
9777733
9777755
9777766
9777777
9777788
9777799
9778811
9778822
9778833
9778855
9778866
9778877
9778888
9778899
9779911
9779922
9779933
9779955
9779966
9779977
9779988
9779999
9881111
9881122
9881133
9881155
9881166
9881177
9881188
9881199
9882211
9882222
9882233
9882255
9882266
9882277
9882288
9882299
9883311
9883322
9883333
9883355
9883366
9883377
9883388
9883399
9885511
9885522
9885533
9885555
9885566
9885577
9885588
9885599
9886611
9886622
9886633
9886655
9886666
9886677
9886688
9886699
9887711
9887722
9887733
9887755
9887766
9887777
9887788
9887799
9888811
9888822
9888833
9888855
9888866
9888877
9888888
9888899
9889911
9889922
9889933
9889955
9889966
9889977
9889988
9889999
9991111
9991122
9991133
9991155
9991166
9991177
9991188
9991199
9992211
9992222
9992233
9992255
9992266
9992277
9992288
9992299
9993311
9993322
9993333
9993355
9993366
9993377
9993388
9993399
9995511
9995522
9995533
9995555
9995566
9995577
9995588
9995599
9996611
9996622
9996633
9996655
9996666
9996677
9996688
9996699
9997711
9997722
9997733
9997755
9997766
9997777
9997788
9997799
9998811
9998822
9998833
9998855
9998866
9998877
9998888
9998899
9999911
9999922
9999933
9999955
9999966
9999977
9999988
9999999
