1111111
1112222
1113333
1115555
1116666
1117777
1118888
1119999
1121111
1122222
1123333
1125555
1126666
1127777
1128888
1129999
1131111
1132222
1133333
1135555
1136666
1137777
1138888
1139999
1151111
1152222
1153333
1155555
1156666
1157777
1158888
1159999
1161111
1162222
1163333
1165555
1166666
1167777
1168888
1169999
1171111
1172222
1173333
1175555
1176666
1177777
1178888
1179999
1181111
1182222
1183333
1185555
1186666
1187777
1188888
1189999
1191111
1192222
1193333
1195555
1196666
1197777
1198888
1199999
1211111
1212222
1213333
1215555
1216666
1217777
1218888
1219999
1221111
1222222
1223333
1225555
1226666
1227777
1228888
1229999
1231111
1232222
1233333
1235555
1236666
1237777
1238888
1239999
1251111
1252222
1253333
1255555
1256666
1257777
1258888
1259999
1261111
1262222
1263333
1265555
1266666
1267777
1268888
1269999
1271111
1272222
1273333
1275555
1276666
1277777
1278888
1279999
1281111
1282222
1283333
1285555
1286666
1287777
1288888
1289999
1291111
1292222
1293333
1295555
1296666
1297777
1298888
1299999
1311111
1312222
1313333
1315555
1316666
1317777
1318888
1319999
1321111
1322222
1323333
1325555
1326666
1327777
1328888
1329999
1331111
1332222
1333333
1335555
1336666
1337777
1338888
1339999
1351111
1352222
1353333
1355555
1356666
1357777
1358888
1359999
1361111
1362222
1363333
1365555
1366666
1367777
1368888
1369999
1371111
1372222
1373333
1375555
1376666
1377777
1378888
1379999
1381111
1382222
1383333
1385555
1386666
1387777
1388888
1389999
1391111
1392222
1393333
1395555
1396666
1397777
1398888
1399999
1511111
1512222
1513333
1515555
1516666
1517777
1518888
1519999
1521111
1522222
1523333
1525555
1526666
1527777
1528888
1529999
1531111
1532222
1533333
1535555
1536666
1537777
1538888
1539999
1551111
1552222
1553333
1555555
1556666
1557777
1558888
1559999
1561111
1562222
1563333
1565555
1566666
1567777
1568888
1569999
1571111
1572222
1573333
1575555
1576666
1577777
1578888
1579999
1581111
1582222
1583333
1585555
1586666
1587777
1588888
1589999
1591111
1592222
1593333
1595555
1596666
1597777
1598888
1599999
1611111
1612222
1613333
1615555
1616666
1617777
1618888
1619999
1621111
1622222
1623333
1625555
1626666
1627777
1628888
1629999
1631111
1632222
1633333
1635555
1636666
1637777
1638888
1639999
1651111
1652222
1653333
1655555
1656666
1657777
1658888
1659999
1661111
1662222
1663333
1665555
1666666
1667777
1668888
1669999
1671111
1672222
1673333
1675555
1676666
1677777
1678888
1679999
1681111
1682222
1683333
1685555
1686666
1687777
1688888
1689999
1691111
1692222
1693333
1695555
1696666
1697777
1698888
1699999
1711111
1712222
1713333
1715555
1716666
1717777
1718888
1719999
1721111
1722222
1723333
1725555
1726666
1727777
1728888
1729999
1731111
1732222
1733333
1735555
1736666
1737777
1738888
1739999
1751111
1752222
1753333
1755555
1756666
1757777
1758888
1759999
1761111
1762222
1763333
1765555
1766666
1767777
1768888
1769999
1771111
1772222
1773333
1775555
1776666
1777777
1778888
1779999
1781111
1782222
1783333
1785555
1786666
1787777
1788888
1789999
1791111
1792222
1793333
1795555
1796666
1797777
1798888
1799999
1811111
1812222
1813333
1815555
1816666
1817777
1818888
1819999
1821111
1822222
1823333
1825555
1826666
1827777
1828888
1829999
1831111
1832222
1833333
1835555
1836666
1837777
1838888
1839999
1851111
1852222
1853333
1855555
1856666
1857777
1858888
1859999
1861111
1862222
1863333
1865555
1866666
1867777
1868888
1869999
1871111
1872222
1873333
1875555
1876666
1877777
1878888
1879999
1881111
1882222
1883333
1885555
1886666
1887777
1888888
1889999
1891111
1892222
1893333
1895555
1896666
1897777
1898888
1899999
1911111
1912222
1913333
1915555
1916666
1917777
1918888
1919999
1921111
1922222
1923333
1925555
1926666
1927777
1928888
1929999
1931111
1932222
1933333
1935555
1936666
1937777
1938888
1939999
1951111
1952222
1953333
1955555
1956666
1957777
1958888
1959999
1961111
1962222
1963333
1965555
1966666
1967777
1968888
1969999
1971111
1972222
1973333
1975555
1976666
1977777
1978888
1979999
1981111
1982222
1983333
1985555
1986666
1987777
1988888
1989999
1991111
1992222
1993333
1995555
1996666
1997777
1998888
1999999
2111111
2112222
2113333
2115555
2116666
2117777
2118888
2119999
2121111
2122222
2123333
2125555
2126666
2127777
2128888
2129999
2131111
2132222
2133333
2135555
2136666
2137777
2138888
2139999
2151111
2152222
2153333
2155555
2156666
2157777
2158888
2159999
2161111
2162222
2163333
2165555
2166666
2167777
2168888
2169999
2171111
2172222
2173333
2175555
2176666
2177777
2178888
2179999
2181111
2182222
2183333
2185555
2186666
2187777
2188888
2189999
2191111
2192222
2193333
2195555
2196666
2197777
2198888
2199999
2211111
2212222
2213333
2215555
2216666
2217777
2218888
2219999
2221111
2222222
2223333
2225555
2226666
2227777
2228888
2229999
2231111
2232222
2233333
2235555
2236666
2237777
2238888
2239999
2251111
2252222
2253333
2255555
2256666
2257777
2258888
2259999
2261111
2262222
2263333
2265555
2266666
2267777
2268888
2269999
2271111
2272222
2273333
2275555
2276666
2277777
2278888
2279999
2281111
2282222
2283333
2285555
2286666
2287777
2288888
2289999
2291111
2292222
2293333
2295555
2296666
2297777
2298888
2299999
2311111
2312222
2313333
2315555
2316666
2317777
2318888
2319999
2321111
2322222
2323333
2325555
2326666
2327777
2328888
2329999
2331111
2332222
2333333
2335555
2336666
2337777
2338888
2339999
2351111
2352222
2353333
2355555
2356666
2357777
2358888
2359999
2361111
2362222
2363333
2365555
2366666
2367777
2368888
2369999
2371111
2372222
2373333
2375555
2376666
2377777
2378888
2379999
2381111
2382222
2383333
2385555
2386666
2387777
2388888
2389999
2391111
2392222
2393333
2395555
2396666
2397777
2398888
2399999
2511111
2512222
2513333
2515555
2516666
2517777
2518888
2519999
2521111
2522222
2523333
2525555
2526666
2527777
2528888
2529999
2531111
2532222
2533333
2535555
2536666
2537777
2538888
2539999
2551111
2552222
2553333
2555555
2556666
2557777
2558888
2559999
2561111
2562222
2563333
2565555
2566666
2567777
2568888
2569999
2571111
2572222
2573333
2575555
2576666
2577777
2578888
2579999
2581111
2582222
2583333
2585555
2586666
2587777
2588888
2589999
2591111
2592222
2593333
2595555
2596666
2597777
2598888
2599999
2611111
2612222
2613333
2615555
2616666
2617777
2618888
2619999
2621111
2622222
2623333
2625555
2626666
2627777
2628888
2629999
2631111
2632222
2633333
2635555
2636666
2637777
2638888
2639999
2651111
2652222
2653333
2655555
2656666
2657777
2658888
2659999
2661111
2662222
2663333
2665555
2666666
2667777
2668888
2669999
2671111
2672222
2673333
2675555
2676666
2677777
2678888
2679999
2681111
2682222
2683333
2685555
2686666
2687777
2688888
2689999
2691111
2692222
2693333
2695555
2696666
2697777
2698888
2699999
2711111
2712222
2713333
2715555
2716666
2717777
2718888
2719999
2721111
2722222
2723333
2725555
2726666
2727777
2728888
2729999
2731111
2732222
2733333
2735555
2736666
2737777
2738888
2739999
2751111
2752222
2753333
2755555
2756666
2757777
2758888
2759999
2761111
2762222
2763333
2765555
2766666
2767777
2768888
2769999
2771111
2772222
2773333
2775555
2776666
2777777
2778888
2779999
2781111
2782222
2783333
2785555
2786666
2787777
2788888
2789999
2791111
2792222
2793333
2795555
2796666
2797777
2798888
2799999
2811111
2812222
2813333
2815555
2816666
2817777
2818888
2819999
2821111
2822222
2823333
2825555
2826666
2827777
2828888
2829999
2831111
2832222
2833333
2835555
2836666
2837777
2838888
2839999
2851111
2852222
2853333
2855555
2856666
2857777
2858888
2859999
2861111
2862222
2863333
2865555
2866666
2867777
2868888
2869999
2871111
2872222
2873333
2875555
2876666
2877777
2878888
2879999
2881111
2882222
2883333
2885555
2886666
2887777
2888888
2889999
2891111
2892222
2893333
2895555
2896666
2897777
2898888
2899999
2911111
2912222
2913333
2915555
2916666
2917777
2918888
2919999
2921111
2922222
2923333
2925555
2926666
2927777
2928888
2929999
2931111
2932222
2933333
2935555
2936666
2937777
2938888
2939999
2951111
2952222
2953333
2955555
2956666
2957777
2958888
2959999
2961111
2962222
2963333
2965555
2966666
2967777
2968888
2969999
2971111
2972222
2973333
2975555
2976666
2977777
2978888
2979999
2981111
2982222
2983333
2985555
2986666
2987777
2988888
2989999
2991111
2992222
2993333
2995555
2996666
2997777
2998888
2999999
3111111
3112222
3113333
3115555
3116666
3117777
3118888
3119999
3121111
3122222
3123333
3125555
3126666
3127777
3128888
3129999
3131111
3132222
3133333
3135555
3136666
3137777
3138888
3139999
3151111
3152222
3153333
3155555
3156666
3157777
3158888
3159999
3161111
3162222
3163333
3165555
3166666
3167777
3168888
3169999
3171111
3172222
3173333
3175555
3176666
3177777
3178888
3179999
3181111
3182222
3183333
3185555
3186666
3187777
3188888
3189999
3191111
3192222
3193333
3195555
3196666
3197777
3198888
3199999
3211111
3212222
3213333
3215555
3216666
3217777
3218888
3219999
3221111
3222222
3223333
3225555
3226666
3227777
3228888
3229999
3231111
3232222
3233333
3235555
3236666
3237777
3238888
3239999
3251111
3252222
3253333
3255555
3256666
3257777
3258888
3259999
3261111
3262222
3263333
3265555
3266666
3267777
3268888
3269999
3271111
3272222
3273333
3275555
3276666
3277777
3278888
3279999
3281111
3282222
3283333
3285555
3286666
3287777
3288888
3289999
3291111
3292222
3293333
3295555
3296666
3297777
3298888
3299999
3311111
3312222
3313333
3315555
3316666
3317777
3318888
3319999
3321111
3322222
3323333
3325555
3326666
3327777
3328888
3329999
3331111
3332222
3333333
3335555
3336666
3337777
3338888
3339999
3351111
3352222
3353333
3355555
3356666
3357777
3358888
3359999
3361111
3362222
3363333
3365555
3366666
3367777
3368888
3369999
3371111
3372222
3373333
3375555
3376666
3377777
3378888
3379999
3381111
3382222
3383333
3385555
3386666
3387777
3388888
3389999
3391111
3392222
3393333
3395555
3396666
3397777
3398888
3399999
3511111
3512222
3513333
3515555
3516666
3517777
3518888
3519999
3521111
3522222
3523333
3525555
3526666
3527777
3528888
3529999
3531111
3532222
3533333
3535555
3536666
3537777
3538888
3539999
3551111
3552222
3553333
3555555
3556666
3557777
3558888
3559999
3561111
3562222
3563333
3565555
3566666
3567777
3568888
3569999
3571111
3572222
3573333
3575555
3576666
3577777
3578888
3579999
3581111
3582222
3583333
3585555
3586666
3587777
3588888
3589999
3591111
3592222
3593333
3595555
3596666
3597777
3598888
3599999
3611111
3612222
3613333
3615555
3616666
3617777
3618888
3619999
3621111
3622222
3623333
3625555
3626666
3627777
3628888
3629999
3631111
3632222
3633333
3635555
3636666
3637777
3638888
3639999
3651111
3652222
3653333
3655555
3656666
3657777
3658888
3659999
3661111
3662222
3663333
3665555
3666666
3667777
3668888
3669999
3671111
3672222
3673333
3675555
3676666
3677777
3678888
3679999
3681111
3682222
3683333
3685555
3686666
3687777
3688888
3689999
3691111
3692222
3693333
3695555
3696666
3697777
3698888
3699999
3711111
3712222
3713333
3715555
3716666
3717777
3718888
3719999
3721111
3722222
3723333
3725555
3726666
3727777
3728888
3729999
3731111
3732222
3733333
3735555
3736666
3737777
3738888
3739999
3751111
3752222
3753333
3755555
3756666
3757777
3758888
3759999
3761111
3762222
3763333
3765555
3766666
3767777
3768888
3769999
3771111
3772222
3773333
3775555
3776666
3777777
3778888
3779999
3781111
3782222
3783333
3785555
3786666
3787777
3788888
3789999
3791111
3792222
3793333
3795555
3796666
3797777
3798888
3799999
3811111
3812222
3813333
3815555
3816666
3817777
3818888
3819999
3821111
3822222
3823333
3825555
3826666
3827777
3828888
3829999
3831111
3832222
3833333
3835555
3836666
3837777
3838888
3839999
3851111
3852222
3853333
3855555
3856666
3857777
3858888
3859999
3861111
3862222
3863333
3865555
3866666
3867777
3868888
3869999
3871111
3872222
3873333
3875555
3876666
3877777
3878888
3879999
3881111
3882222
3883333
3885555
3886666
3887777
3888888
3889999
3891111
3892222
3893333
3895555
3896666
3897777
3898888
3899999
3911111
3912222
3913333
3915555
3916666
3917777
3918888
3919999
3921111
3922222
3923333
3925555
3926666
3927777
3928888
3929999
3931111
3932222
3933333
3935555
3936666
3937777
3938888
3939999
3951111
3952222
3953333
3955555
3956666
3957777
3958888
3959999
3961111
3962222
3963333
3965555
3966666
3967777
3968888
3969999
3971111
3972222
3973333
3975555
3976666
3977777
3978888
3979999
3981111
3982222
3983333
3985555
3986666
3987777
3988888
3989999
3991111
3992222
3993333
3995555
3996666
3997777
3998888
3999999
5111111
5112222
5113333
5115555
5116666
5117777
5118888
5119999
5121111
5122222
5123333
5125555
5126666
5127777
5128888
5129999
5131111
5132222
5133333
5135555
5136666
5137777
5138888
5139999
5151111
5152222
5153333
5155555
5156666
5157777
5158888
5159999
5161111
5162222
5163333
5165555
5166666
5167777
5168888
5169999
5171111
5172222
5173333
5175555
5176666
5177777
5178888
5179999
5181111
5182222
5183333
5185555
5186666
5187777
5188888
5189999
5191111
5192222
5193333
5195555
5196666
5197777
5198888
5199999
5211111
5212222
5213333
5215555
5216666
5217777
5218888
5219999
5221111
5222222
5223333
5225555
5226666
5227777
5228888
5229999
5231111
5232222
5233333
5235555
5236666
5237777
5238888
5239999
5251111
5252222
5253333
5255555
5256666
5257777
5258888
5259999
5261111
5262222
5263333
5265555
5266666
5267777
5268888
5269999
5271111
5272222
5273333
5275555
5276666
5277777
5278888
5279999
5281111
5282222
5283333
5285555
5286666
5287777
5288888
5289999
5291111
5292222
5293333
5295555
5296666
5297777
5298888
5299999
5311111
5312222
5313333
5315555
5316666
5317777
5318888
5319999
5321111
5322222
5323333
5325555
5326666
5327777
5328888
5329999
5331111
5332222
5333333
5335555
5336666
5337777
5338888
5339999
5351111
5352222
5353333
5355555
5356666
5357777
5358888
5359999
5361111
5362222
5363333
5365555
5366666
5367777
5368888
5369999
5371111
5372222
5373333
5375555
5376666
5377777
5378888
5379999
5381111
5382222
5383333
5385555
5386666
5387777
5388888
5389999
5391111
5392222
5393333
5395555
5396666
5397777
5398888
5399999
5511111
5512222
5513333
5515555
5516666
5517777
5518888
5519999
5521111
5522222
5523333
5525555
5526666
5527777
5528888
5529999
5531111
5532222
5533333
5535555
5536666
5537777
5538888
5539999
5551111
5552222
5553333
5555555
5556666
5557777
5558888
5559999
5561111
5562222
5563333
5565555
5566666
5567777
5568888
5569999
5571111
5572222
5573333
5575555
5576666
5577777
5578888
5579999
5581111
5582222
5583333
5585555
5586666
5587777
5588888
5589999
5591111
5592222
5593333
5595555
5596666
5597777
5598888
5599999
5611111
5612222
5613333
5615555
5616666
5617777
5618888
5619999
5621111
5622222
5623333
5625555
5626666
5627777
5628888
5629999
5631111
5632222
5633333
5635555
5636666
5637777
5638888
5639999
5651111
5652222
5653333
5655555
5656666
5657777
5658888
5659999
5661111
5662222
5663333
5665555
5666666
5667777
5668888
5669999
5671111
5672222
5673333
5675555
5676666
5677777
5678888
5679999
5681111
5682222
5683333
5685555
5686666
5687777
5688888
5689999
5691111
5692222
5693333
5695555
5696666
5697777
5698888
5699999
5711111
5712222
5713333
5715555
5716666
5717777
5718888
5719999
5721111
5722222
5723333
5725555
5726666
5727777
5728888
5729999
5731111
5732222
5733333
5735555
5736666
5737777
5738888
5739999
5751111
5752222
5753333
5755555
5756666
5757777
5758888
5759999
5761111
5762222
5763333
5765555
5766666
5767777
5768888
5769999
5771111
5772222
5773333
5775555
5776666
5777777
5778888
5779999
5781111
5782222
5783333
5785555
5786666
5787777
5788888
5789999
5791111
5792222
5793333
5795555
5796666
5797777
5798888
5799999
5811111
5812222
5813333
5815555
5816666
5817777
5818888
5819999
5821111
5822222
5823333
5825555
5826666
5827777
5828888
5829999
5831111
5832222
5833333
5835555
5836666
5837777
5838888
5839999
5851111
5852222
5853333
5855555
5856666
5857777
5858888
5859999
5861111
5862222
5863333
5865555
5866666
5867777
5868888
5869999
5871111
5872222
5873333
5875555
5876666
5877777
5878888
5879999
5881111
5882222
5883333
5885555
5886666
5887777
5888888
5889999
5891111
5892222
5893333
5895555
5896666
5897777
5898888
5899999
5911111
5912222
5913333
5915555
5916666
5917777
5918888
5919999
5921111
5922222
5923333
5925555
5926666
5927777
5928888
5929999
5931111
5932222
5933333
5935555
5936666
5937777
5938888
5939999
5951111
5952222
5953333
5955555
5956666
5957777
5958888
5959999
5961111
5962222
5963333
5965555
5966666
5967777
5968888
5969999
5971111
5972222
5973333
5975555
5976666
5977777
5978888
5979999
5981111
5982222
5983333
5985555
5986666
5987777
5988888
5989999
5991111
5992222
5993333
5995555
5996666
5997777
5998888
5999999
6111111
6112222
6113333
6115555
6116666
6117777
6118888
6119999
6121111
6122222
6123333
6125555
6126666
6127777
6128888
6129999
6131111
6132222
6133333
6135555
6136666
6137777
6138888
6139999
6151111
6152222
6153333
6155555
6156666
6157777
6158888
6159999
6161111
6162222
6163333
6165555
6166666
6167777
6168888
6169999
6171111
6172222
6173333
6175555
6176666
6177777
6178888
6179999
6181111
6182222
6183333
6185555
6186666
6187777
6188888
6189999
6191111
6192222
6193333
6195555
6196666
6197777
6198888
6199999
6211111
6212222
6213333
6215555
6216666
6217777
6218888
6219999
6221111
6222222
6223333
6225555
6226666
6227777
6228888
6229999
6231111
6232222
6233333
6235555
6236666
6237777
6238888
6239999
6251111
6252222
6253333
6255555
6256666
6257777
6258888
6259999
6261111
6262222
6263333
6265555
6266666
6267777
6268888
6269999
6271111
6272222
6273333
6275555
6276666
6277777
6278888
6279999
6281111
6282222
6283333
6285555
6286666
6287777
6288888
6289999
6291111
6292222
6293333
6295555
6296666
6297777
6298888
6299999
6311111
6312222
6313333
6315555
6316666
6317777
6318888
6319999
6321111
6322222
6323333
6325555
6326666
6327777
6328888
6329999
6331111
6332222
6333333
6335555
6336666
6337777
6338888
6339999
6351111
6352222
6353333
6355555
6356666
6357777
6358888
6359999
6361111
6362222
6363333
6365555
6366666
6367777
6368888
6369999
6371111
6372222
6373333
6375555
6376666
6377777
6378888
6379999
6381111
6382222
6383333
6385555
6386666
6387777
6388888
6389999
6391111
6392222
6393333
6395555
6396666
6397777
6398888
6399999
6511111
6512222
6513333
6515555
6516666
6517777
6518888
6519999
6521111
6522222
6523333
6525555
6526666
6527777
6528888
6529999
6531111
6532222
6533333
6535555
6536666
6537777
6538888
6539999
6551111
6552222
6553333
6555555
6556666
6557777
6558888
6559999
6561111
6562222
6563333
6565555
6566666
6567777
6568888
6569999
6571111
6572222
6573333
6575555
6576666
6577777
6578888
6579999
6581111
6582222
6583333
6585555
6586666
6587777
6588888
6589999
6591111
6592222
6593333
6595555
6596666
6597777
6598888
6599999
6611111
6612222
6613333
6615555
6616666
6617777
6618888
6619999
6621111
6622222
6623333
6625555
6626666
6627777
6628888
6629999
6631111
6632222
6633333
6635555
6636666
6637777
6638888
6639999
6651111
6652222
6653333
6655555
6656666
6657777
6658888
6659999
6661111
6662222
6663333
6665555
6666666
6667777
6668888
6669999
6671111
6672222
6673333
6675555
6676666
6677777
6678888
6679999
6681111
6682222
6683333
6685555
6686666
6687777
6688888
6689999
6691111
6692222
6693333
6695555
6696666
6697777
6698888
6699999
6711111
6712222
6713333
6715555
6716666
6717777
6718888
6719999
6721111
6722222
6723333
6725555
6726666
6727777
6728888
6729999
6731111
6732222
6733333
6735555
6736666
6737777
6738888
6739999
6751111
6752222
6753333
6755555
6756666
6757777
6758888
6759999
6761111
6762222
6763333
6765555
6766666
6767777
6768888
6769999
6771111
6772222
6773333
6775555
6776666
6777777
6778888
6779999
6781111
6782222
6783333
6785555
6786666
6787777
6788888
6789999
6791111
6792222
6793333
6795555
6796666
6797777
6798888
6799999
6811111
6812222
6813333
6815555
6816666
6817777
6818888
6819999
6821111
6822222
6823333
6825555
6826666
6827777
6828888
6829999
6831111
6832222
6833333
6835555
6836666
6837777
6838888
6839999
6851111
6852222
6853333
6855555
6856666
6857777
6858888
6859999
6861111
6862222
6863333
6865555
6866666
6867777
6868888
6869999
6871111
6872222
6873333
6875555
6876666
6877777
6878888
6879999
6881111
6882222
6883333
6885555
6886666
6887777
6888888
6889999
6891111
6892222
6893333
6895555
6896666
6897777
6898888
6899999
6911111
6912222
6913333
6915555
6916666
6917777
6918888
6919999
6921111
6922222
6923333
6925555
6926666
6927777
6928888
6929999
6931111
6932222
6933333
6935555
6936666
6937777
6938888
6939999
6951111
6952222
6953333
6955555
6956666
6957777
6958888
6959999
6961111
6962222
6963333
6965555
6966666
6967777
6968888
6969999
6971111
6972222
6973333
6975555
6976666
6977777
6978888
6979999
6981111
6982222
6983333
6985555
6986666
6987777
6988888
6989999
6991111
6992222
6993333
6995555
6996666
6997777
6998888
6999999
7111111
7112222
7113333
7115555
7116666
7117777
7118888
7119999
7121111
7122222
7123333
7125555
7126666
7127777
7128888
7129999
7131111
7132222
7133333
7135555
7136666
7137777
7138888
7139999
7151111
7152222
7153333
7155555
7156666
7157777
7158888
7159999
7161111
7162222
7163333
7165555
7166666
7167777
7168888
7169999
7171111
7172222
7173333
7175555
7176666
7177777
7178888
7179999
7181111
7182222
7183333
7185555
7186666
7187777
7188888
7189999
7191111
7192222
7193333
7195555
7196666
7197777
7198888
7199999
7211111
7212222
7213333
7215555
7216666
7217777
7218888
7219999
7221111
7222222
7223333
7225555
7226666
7227777
7228888
7229999
7231111
7232222
7233333
7235555
7236666
7237777
7238888
7239999
7251111
7252222
7253333
7255555
7256666
7257777
7258888
7259999
7261111
7262222
7263333
7265555
7266666
7267777
7268888
7269999
7271111
7272222
7273333
7275555
7276666
7277777
7278888
7279999
7281111
7282222
7283333
7285555
7286666
7287777
7288888
7289999
7291111
7292222
7293333
7295555
7296666
7297777
7298888
7299999
7311111
7312222
7313333
7315555
7316666
7317777
7318888
7319999
7321111
7322222
7323333
7325555
7326666
7327777
7328888
7329999
7331111
7332222
7333333
7335555
7336666
7337777
7338888
7339999
7351111
7352222
7353333
7355555
7356666
7357777
7358888
7359999
7361111
7362222
7363333
7365555
7366666
7367777
7368888
7369999
7371111
7372222
7373333
7375555
7376666
7377777
7378888
7379999
7381111
7382222
7383333
7385555
7386666
7387777
7388888
7389999
7391111
7392222
7393333
7395555
7396666
7397777
7398888
7399999
7511111
7512222
7513333
7515555
7516666
7517777
7518888
7519999
7521111
7522222
7523333
7525555
7526666
7527777
7528888
7529999
7531111
7532222
7533333
7535555
7536666
7537777
7538888
7539999
7551111
7552222
7553333
7555555
7556666
7557777
7558888
7559999
7561111
7562222
7563333
7565555
7566666
7567777
7568888
7569999
7571111
7572222
7573333
7575555
7576666
7577777
7578888
7579999
7581111
7582222
7583333
7585555
7586666
7587777
7588888
7589999
7591111
7592222
7593333
7595555
7596666
7597777
7598888
7599999
7611111
7612222
7613333
7615555
7616666
7617777
7618888
7619999
7621111
7622222
7623333
7625555
7626666
7627777
7628888
7629999
7631111
7632222
7633333
7635555
7636666
7637777
7638888
7639999
7651111
7652222
7653333
7655555
7656666
7657777
7658888
7659999
7661111
7662222
7663333
7665555
7666666
7667777
7668888
7669999
7671111
7672222
7673333
7675555
7676666
7677777
7678888
7679999
7681111
7682222
7683333
7685555
7686666
7687777
7688888
7689999
7691111
7692222
7693333
7695555
7696666
7697777
7698888
7699999
7711111
7712222
7713333
7715555
7716666
7717777
7718888
7719999
7721111
7722222
7723333
7725555
7726666
7727777
7728888
7729999
7731111
7732222
7733333
7735555
7736666
7737777
7738888
7739999
7751111
7752222
7753333
7755555
7756666
7757777
7758888
7759999
7761111
7762222
7763333
7765555
7766666
7767777
7768888
7769999
7771111
7772222
7773333
7775555
7776666
7777777
7778888
7779999
7781111
7782222
7783333
7785555
7786666
7787777
7788888
7789999
7791111
7792222
7793333
7795555
7796666
7797777
7798888
7799999
7811111
7812222
7813333
7815555
7816666
7817777
7818888
7819999
7821111
7822222
7823333
7825555
7826666
7827777
7828888
7829999
7831111
7832222
7833333
7835555
7836666
7837777
7838888
7839999
7851111
7852222
7853333
7855555
7856666
7857777
7858888
7859999
7861111
7862222
7863333
7865555
7866666
7867777
7868888
7869999
7871111
7872222
7873333
7875555
7876666
7877777
7878888
7879999
7881111
7882222
7883333
7885555
7886666
7887777
7888888
7889999
7891111
7892222
7893333
7895555
7896666
7897777
7898888
7899999
7911111
7912222
7913333
7915555
7916666
7917777
7918888
7919999
7921111
7922222
7923333
7925555
7926666
7927777
7928888
7929999
7931111
7932222
7933333
7935555
7936666
7937777
7938888
7939999
7951111
7952222
7953333
7955555
7956666
7957777
7958888
7959999
7961111
7962222
7963333
7965555
7966666
7967777
7968888
7969999
7971111
7972222
7973333
7975555
7976666
7977777
7978888
7979999
7981111
7982222
7983333
7985555
7986666
7987777
7988888
7989999
7991111
7992222
7993333
7995555
7996666
7997777
7998888
7999999
8111111
8112222
8113333
8115555
8116666
8117777
8118888
8119999
8121111
8122222
8123333
8125555
8126666
8127777
8128888
8129999
8131111
8132222
8133333
8135555
8136666
8137777
8138888
8139999
8151111
8152222
8153333
8155555
8156666
8157777
8158888
8159999
8161111
8162222
8163333
8165555
8166666
8167777
8168888
8169999
8171111
8172222
8173333
8175555
8176666
8177777
8178888
8179999
8181111
8182222
8183333
8185555
8186666
8187777
8188888
8189999
8191111
8192222
8193333
8195555
8196666
8197777
8198888
8199999
8211111
8212222
8213333
8215555
8216666
8217777
8218888
8219999
8221111
8222222
8223333
8225555
8226666
8227777
8228888
8229999
8231111
8232222
8233333
8235555
8236666
8237777
8238888
8239999
8251111
8252222
8253333
8255555
8256666
8257777
8258888
8259999
8261111
8262222
8263333
8265555
8266666
8267777
8268888
8269999
8271111
8272222
8273333
8275555
8276666
8277777
8278888
8279999
8281111
8282222
8283333
8285555
8286666
8287777
8288888
8289999
8291111
8292222
8293333
8295555
8296666
8297777
8298888
8299999
8311111
8312222
8313333
8315555
8316666
8317777
8318888
8319999
8321111
8322222
8323333
8325555
8326666
8327777
8328888
8329999
8331111
8332222
8333333
8335555
8336666
8337777
8338888
8339999
8351111
8352222
8353333
8355555
8356666
8357777
8358888
8359999
8361111
8362222
8363333
8365555
8366666
8367777
8368888
8369999
8371111
8372222
8373333
8375555
8376666
8377777
8378888
8379999
8381111
8382222
8383333
8385555
8386666
8387777
8388888
8389999
8391111
8392222
8393333
8395555
8396666
8397777
8398888
8399999
8511111
8512222
8513333
8515555
8516666
8517777
8518888
8519999
8521111
8522222
8523333
8525555
8526666
8527777
8528888
8529999
8531111
8532222
8533333
8535555
8536666
8537777
8538888
8539999
8551111
8552222
8553333
8555555
8556666
8557777
8558888
8559999
8561111
8562222
8563333
8565555
8566666
8567777
8568888
8569999
8571111
8572222
8573333
8575555
8576666
8577777
8578888
8579999
8581111
8582222
8583333
8585555
8586666
8587777
8588888
8589999
8591111
8592222
8593333
8595555
8596666
8597777
8598888
8599999
8611111
8612222
8613333
8615555
8616666
8617777
8618888
8619999
8621111
8622222
8623333
8625555
8626666
8627777
8628888
8629999
8631111
8632222
8633333
8635555
8636666
8637777
8638888
8639999
8651111
8652222
8653333
8655555
8656666
8657777
8658888
8659999
8661111
8662222
8663333
8665555
8666666
8667777
8668888
8669999
8671111
8672222
8673333
8675555
8676666
8677777
8678888
8679999
8681111
8682222
8683333
8685555
8686666
8687777
8688888
8689999
8691111
8692222
8693333
8695555
8696666
8697777
8698888
8699999
8711111
8712222
8713333
8715555
8716666
8717777
8718888
8719999
8721111
8722222
8723333
8725555
8726666
8727777
8728888
8729999
8731111
8732222
8733333
8735555
8736666
8737777
8738888
8739999
8751111
8752222
8753333
8755555
8756666
8757777
8758888
8759999
8761111
8762222
8763333
8765555
8766666
8767777
8768888
8769999
8771111
8772222
8773333
8775555
8776666
8777777
8778888
8779999
8781111
8782222
8783333
8785555
8786666
8787777
8788888
8789999
8791111
8792222
8793333
8795555
8796666
8797777
8798888
8799999
8811111
8812222
8813333
8815555
8816666
8817777
8818888
8819999
8821111
8822222
8823333
8825555
8826666
8827777
8828888
8829999
8831111
8832222
8833333
8835555
8836666
8837777
8838888
8839999
8851111
8852222
8853333
8855555
8856666
8857777
8858888
8859999
8861111
8862222
8863333
8865555
8866666
8867777
8868888
8869999
8871111
8872222
8873333
8875555
8876666
8877777
8878888
8879999
8881111
8882222
8883333
8885555
8886666
8887777
8888888
8889999
8891111
8892222
8893333
8895555
8896666
8897777
8898888
8899999
8911111
8912222
8913333
8915555
8916666
8917777
8918888
8919999
8921111
8922222
8923333
8925555
8926666
8927777
8928888
8929999
8931111
8932222
8933333
8935555
8936666
8937777
8938888
8939999
8951111
8952222
8953333
8955555
8956666
8957777
8958888
8959999
8961111
8962222
8963333
8965555
8966666
8967777
8968888
8969999
8971111
8972222
8973333
8975555
8976666
8977777
8978888
8979999
8981111
8982222
8983333
8985555
8986666
8987777
8988888
8989999
8991111
8992222
8993333
8995555
8996666
8997777
8998888
8999999
9111111
9112222
9113333
9115555
9116666
9117777
9118888
9119999
9121111
9122222
9123333
9125555
9126666
9127777
9128888
9129999
9131111
9132222
9133333
9135555
9136666
9137777
9138888
9139999
9151111
9152222
9153333
9155555
9156666
9157777
9158888
9159999
9161111
9162222
9163333
9165555
9166666
9167777
9168888
9169999
9171111
9172222
9173333
9175555
9176666
9177777
9178888
9179999
9181111
9182222
9183333
9185555
9186666
9187777
9188888
9189999
9191111
9192222
9193333
9195555
9196666
9197777
9198888
9199999
9211111
9212222
9213333
9215555
9216666
9217777
9218888
9219999
9221111
9222222
9223333
9225555
9226666
9227777
9228888
9229999
9231111
9232222
9233333
9235555
9236666
9237777
9238888
9239999
9251111
9252222
9253333
9255555
9256666
9257777
9258888
9259999
9261111
9262222
9263333
9265555
9266666
9267777
9268888
9269999
9271111
9272222
9273333
9275555
9276666
9277777
9278888
9279999
9281111
9282222
9283333
9285555
9286666
9287777
9288888
9289999
9291111
9292222
9293333
9295555
9296666
9297777
9298888
9299999
9311111
9312222
9313333
9315555
9316666
9317777
9318888
9319999
9321111
9322222
9323333
9325555
9326666
9327777
9328888
9329999
9331111
9332222
9333333
9335555
9336666
9337777
9338888
9339999
9351111
9352222
9353333
9355555
9356666
9357777
9358888
9359999
9361111
9362222
9363333
9365555
9366666
9367777
9368888
9369999
9371111
9372222
9373333
9375555
9376666
9377777
9378888
9379999
9381111
9382222
9383333
9385555
9386666
9387777
9388888
9389999
9391111
9392222
9393333
9395555
9396666
9397777
9398888
9399999
9511111
9512222
9513333
9515555
9516666
9517777
9518888
9519999
9521111
9522222
9523333
9525555
9526666
9527777
9528888
9529999
9531111
9532222
9533333
9535555
9536666
9537777
9538888
9539999
9551111
9552222
9553333
9555555
9556666
9557777
9558888
9559999
9561111
9562222
9563333
9565555
9566666
9567777
9568888
9569999
9571111
9572222
9573333
9575555
9576666
9577777
9578888
9579999
9581111
9582222
9583333
9585555
9586666
9587777
9588888
9589999
9591111
9592222
9593333
9595555
9596666
9597777
9598888
9599999
9611111
9612222
9613333
9615555
9616666
9617777
9618888
9619999
9621111
9622222
9623333
9625555
9626666
9627777
9628888
9629999
9631111
9632222
9633333
9635555
9636666
9637777
9638888
9639999
9651111
9652222
9653333
9655555
9656666
9657777
9658888
9659999
9661111
9662222
9663333
9665555
9666666
9667777
9668888
9669999
9671111
9672222
9673333
9675555
9676666
9677777
9678888
9679999
9681111
9682222
9683333
9685555
9686666
9687777
9688888
9689999
9691111
9692222
9693333
9695555
9696666
9697777
9698888
9699999
9711111
9712222
9713333
9715555
9716666
9717777
9718888
9719999
9721111
9722222
9723333
9725555
9726666
9727777
9728888
9729999
9731111
9732222
9733333
9735555
9736666
9737777
9738888
9739999
9751111
9752222
9753333
9755555
9756666
9757777
9758888
9759999
9761111
9762222
9763333
9765555
9766666
9767777
9768888
9769999
9771111
9772222
9773333
9775555
9776666
9777777
9778888
9779999
9781111
9782222
9783333
9785555
9786666
9787777
9788888
9789999
9791111
9792222
9793333
9795555
9796666
9797777
9798888
9799999
9811111
9812222
9813333
9815555
9816666
9817777
9818888
9819999
9821111
9822222
9823333
9825555
9826666
9827777
9828888
9829999
9831111
9832222
9833333
9835555
9836666
9837777
9838888
9839999
9851111
9852222
9853333
9855555
9856666
9857777
9858888
9859999
9861111
9862222
9863333
9865555
9866666
9867777
9868888
9869999
9871111
9872222
9873333
9875555
9876666
9877777
9878888
9879999
9881111
9882222
9883333
9885555
9886666
9887777
9888888
9889999
9891111
9892222
9893333
9895555
9896666
9897777
9898888
9899999
9911111
9912222
9913333
9915555
9916666
9917777
9918888
9919999
9921111
9922222
9923333
9925555
9926666
9927777
9928888
9929999
9931111
9932222
9933333
9935555
9936666
9937777
9938888
9939999
9951111
9952222
9953333
9955555
9956666
9957777
9958888
9959999
9961111
9962222
9963333
9965555
9966666
9967777
9968888
9969999
9971111
9972222
9973333
9975555
9976666
9977777
9978888
9979999
9981111
9982222
9983333
9985555
9986666
9987777
9988888
9989999
9991111
9992222
9993333
9995555
9996666
9997777
9998888
9999999
1111111
1111112
1111113
1111115
1111116
1111117
1111118
1111119
1111121
1111122
1111123
1111125
1111126
1111127
1111128
1111129
1111131
1111132
1111133
1111135
1111136
1111137
1111138
1111139
1111151
1111152
1111153
1111155
1111156
1111157
1111158
1111159
1111161
1111162
1111163
1111165
1111166
1111167
1111168
1111169
1111171
1111172
1111173
1111175
1111176
1111177
1111178
1111179
1111181
1111182
1111183
1111185
1111186
1111187
1111188
1111189
1111191
1111192
1111193
1111195
1111196
1111197
1111198
1111199
1111211
1111212
1111213
1111215
1111216
1111217
1111218
1111219
1111221
1111222
1111223
1111225
1111226
1111227
1111228
1111229
1111231
1111232
1111233
1111235
1111236
1111237
1111238
1111239
1111251
1111252
1111253
1111255
1111256
1111257
1111258
1111259
1111261
1111262
1111263
1111265
1111266
1111267
1111268
1111269
1111271
1111272
1111273
1111275
1111276
1111277
1111278
1111279
1111281
1111282
1111283
1111285
1111286
1111287
1111288
1111289
1111291
1111292
1111293
1111295
1111296
1111297
1111298
1111299
1111311
1111312
1111313
1111315
1111316
1111317
1111318
1111319
1111321
1111322
1111323
1111325
1111326
1111327
1111328
1111329
1111331
1111332
1111333
1111335
1111336
1111337
1111338
1111339
1111351
1111352
1111353
1111355
1111356
1111357
1111358
1111359
1111361
1111362
1111363
1111365
1111366
1111367
1111368
1111369
1111371
1111372
1111373
1111375
1111376
1111377
1111378
1111379
1111381
1111382
1111383
1111385
1111386
1111387
1111388
1111389
1111391
1111392
1111393
1111395
1111396
1111397
1111398
1111399
1111511
1111512
1111513
1111515
1111516
1111517
1111518
1111519
1111521
1111522
1111523
1111525
1111526
1111527
1111528
1111529
1111531
1111532
1111533
1111535
1111536
1111537
1111538
1111539
1111551
1111552
1111553
1111555
1111556
1111557
1111558
1111559
1111561
1111562
1111563
1111565
1111566
1111567
1111568
1111569
1111571
1111572
1111573
1111575
1111576
1111577
1111578
1111579
1111581
1111582
1111583
1111585
1111586
1111587
1111588
1111589
1111591
1111592
1111593
1111595
1111596
1111597
1111598
1111599
1111611
1111612
1111613
1111615
1111616
1111617
1111618
1111619
1111621
1111622
1111623
1111625
1111626
1111627
1111628
1111629
1111631
1111632
1111633
1111635
1111636
1111637
1111638
1111639
1111651
1111652
1111653
1111655
1111656
1111657
1111658
1111659
1111661
1111662
1111663
1111665
1111666
1111667
1111668
1111669
1111671
1111672
1111673
1111675
1111676
1111677
1111678
1111679
1111681
1111682
1111683
1111685
1111686
1111687
1111688
1111689
1111691
1111692
1111693
1111695
1111696
1111697
1111698
1111699
1111711
1111712
1111713
1111715
1111716
1111717
1111718
1111719
1111721
1111722
1111723
1111725
1111726
1111727
1111728
1111729
1111731
1111732
1111733
1111735
1111736
1111737
1111738
1111739
1111751
1111752
1111753
1111755
1111756
1111757
1111758
1111759
1111761
1111762
1111763
1111765
1111766
1111767
1111768
1111769
1111771
1111772
1111773
1111775
1111776
1111777
1111778
1111779
1111781
1111782
1111783
1111785
1111786
1111787
1111788
1111789
1111791
1111792
1111793
1111795
1111796
1111797
1111798
1111799
1111811
1111812
1111813
1111815
1111816
1111817
1111818
1111819
1111821
1111822
1111823
1111825
1111826
1111827
1111828
1111829
1111831
1111832
1111833
1111835
1111836
1111837
1111838
1111839
1111851
1111852
1111853
1111855
1111856
1111857
1111858
1111859
1111861
1111862
1111863
1111865
1111866
1111867
1111868
1111869
1111871
1111872
1111873
1111875
1111876
1111877
1111878
1111879
1111881
1111882
1111883
1111885
1111886
1111887
1111888
1111889
1111891
1111892
1111893
1111895
1111896
1111897
1111898
1111899
1111911
1111912
1111913
1111915
1111916
1111917
1111918
1111919
1111921
1111922
1111923
1111925
1111926
1111927
1111928
1111929
1111931
1111932
1111933
1111935
1111936
1111937
1111938
1111939
1111951
1111952
1111953
1111955
1111956
1111957
1111958
1111959
1111961
1111962
1111963
1111965
1111966
1111967
1111968
1111969
1111971
1111972
1111973
1111975
1111976
1111977
1111978
1111979
1111981
1111982
1111983
1111985
1111986
1111987
1111988
1111989
1111991
1111992
1111993
1111995
1111996
1111997
1111998
1111999
2222111
2222112
2222113
2222115
2222116
2222117
2222118
2222119
2222121
2222122
2222123
2222125
2222126
2222127
2222128
2222129
2222131
2222132
2222133
2222135
2222136
2222137
2222138
2222139
2222151
2222152
2222153
2222155
2222156
2222157
2222158
2222159
2222161
2222162
2222163
2222165
2222166
2222167
2222168
2222169
2222171
2222172
2222173
2222175
2222176
2222177
2222178
2222179
2222181
2222182
2222183
2222185
2222186
2222187
2222188
2222189
2222191
2222192
2222193
2222195
2222196
2222197
2222198
2222199
2222211
2222212
2222213
2222215
2222216
2222217
2222218
2222219
2222221
2222222
2222223
2222225
2222226
2222227
2222228
2222229
2222231
2222232
2222233
2222235
2222236
2222237
2222238
2222239
2222251
2222252
2222253
2222255
2222256
2222257
2222258
2222259
2222261
2222262
2222263
2222265
2222266
2222267
2222268
2222269
2222271
2222272
2222273
2222275
2222276
2222277
2222278
2222279
2222281
2222282
2222283
2222285
2222286
2222287
2222288
2222289
2222291
2222292
2222293
2222295
2222296
2222297
2222298
2222299
2222311
2222312
2222313
2222315
2222316
2222317
2222318
2222319
2222321
2222322
2222323
2222325
2222326
2222327
2222328
2222329
2222331
2222332
2222333
2222335
2222336
2222337
2222338
2222339
2222351
2222352
2222353
2222355
2222356
2222357
2222358
2222359
2222361
2222362
2222363
2222365
2222366
2222367
2222368
2222369
2222371
2222372
2222373
2222375
2222376
2222377
2222378
2222379
2222381
2222382
2222383
2222385
2222386
2222387
2222388
2222389
2222391
2222392
2222393
2222395
2222396
2222397
2222398
2222399
2222511
2222512
2222513
2222515
2222516
2222517
2222518
2222519
2222521
2222522
2222523
2222525
2222526
2222527
2222528
2222529
2222531
2222532
2222533
2222535
2222536
2222537
2222538
2222539
2222551
2222552
2222553
2222555
2222556
2222557
2222558
2222559
2222561
2222562
2222563
2222565
2222566
2222567
2222568
2222569
2222571
2222572
2222573
2222575
2222576
2222577
2222578
2222579
2222581
2222582
2222583
2222585
2222586
2222587
2222588
2222589
2222591
2222592
2222593
2222595
2222596
2222597
2222598
2222599
2222611
2222612
2222613
2222615
2222616
2222617
2222618
2222619
2222621
2222622
2222623
2222625
2222626
2222627
2222628
2222629
2222631
2222632
2222633
2222635
2222636
2222637
2222638
2222639
2222651
2222652
2222653
2222655
2222656
2222657
2222658
2222659
2222661
2222662
2222663
2222665
2222666
2222667
2222668
2222669
2222671
2222672
2222673
2222675
2222676
2222677
2222678
2222679
2222681
2222682
2222683
2222685
2222686
2222687
2222688
2222689
2222691
2222692
2222693
2222695
2222696
2222697
2222698
2222699
2222711
2222712
2222713
2222715
2222716
2222717
2222718
2222719
2222721
2222722
2222723
2222725
2222726
2222727
2222728
2222729
2222731
2222732
2222733
2222735
2222736
2222737
2222738
2222739
2222751
2222752
2222753
2222755
2222756
2222757
2222758
2222759
2222761
2222762
2222763
2222765
2222766
2222767
2222768
2222769
2222771
2222772
2222773
2222775
2222776
2222777
2222778
2222779
2222781
2222782
2222783
2222785
2222786
2222787
2222788
2222789
2222791
2222792
2222793
2222795
2222796
2222797
2222798
2222799
2222811
2222812
2222813
2222815
2222816
2222817
2222818
2222819
2222821
2222822
2222823
2222825
2222826
2222827
2222828
2222829
2222831
2222832
2222833
2222835
2222836
2222837
2222838
2222839
2222851
2222852
2222853
2222855
2222856
2222857
2222858
2222859
2222861
2222862
2222863
2222865
2222866
2222867
2222868
2222869
2222871
2222872
2222873
2222875
2222876
2222877
2222878
2222879
2222881
2222882
2222883
2222885
2222886
2222887
2222888
2222889
2222891
2222892
2222893
2222895
2222896
2222897
2222898
2222899
2222911
2222912
2222913
2222915
2222916
2222917
2222918
2222919
2222921
2222922
2222923
2222925
2222926
2222927
2222928
2222929
2222931
2222932
2222933
2222935
2222936
2222937
2222938
2222939
2222951
2222952
2222953
2222955
2222956
2222957
2222958
2222959
2222961
2222962
2222963
2222965
2222966
2222967
2222968
2222969
2222971
2222972
2222973
2222975
2222976
2222977
2222978
2222979
2222981
2222982
2222983
2222985
2222986
2222987
2222988
2222989
2222991
2222992
2222993
2222995
2222996
2222997
2222998
2222999
3333111
3333112
3333113
3333115
3333116
3333117
3333118
3333119
3333121
3333122
3333123
3333125
3333126
3333127
3333128
3333129
3333131
3333132
3333133
3333135
3333136
3333137
3333138
3333139
3333151
3333152
3333153
3333155
3333156
3333157
3333158
3333159
3333161
3333162
3333163
3333165
3333166
3333167
3333168
3333169
3333171
3333172
3333173
3333175
3333176
3333177
3333178
3333179
3333181
3333182
3333183
3333185
3333186
3333187
3333188
3333189
3333191
3333192
3333193
3333195
3333196
3333197
3333198
3333199
3333211
3333212
3333213
3333215
3333216
3333217
3333218
3333219
3333221
3333222
3333223
3333225
3333226
3333227
3333228
3333229
3333231
3333232
3333233
3333235
3333236
3333237
3333238
3333239
3333251
3333252
3333253
3333255
3333256
3333257
3333258
3333259
3333261
3333262
3333263
3333265
3333266
3333267
3333268
3333269
3333271
3333272
3333273
3333275
3333276
3333277
3333278
3333279
3333281
3333282
3333283
3333285
3333286
3333287
3333288
3333289
3333291
3333292
3333293
3333295
3333296
3333297
3333298
3333299
3333311
3333312
3333313
3333315
3333316
3333317
3333318
3333319
3333321
3333322
3333323
3333325
3333326
3333327
3333328
3333329
3333331
3333332
3333333
3333335
3333336
3333337
3333338
3333339
3333351
3333352
3333353
3333355
3333356
3333357
3333358
3333359
3333361
3333362
3333363
3333365
3333366
3333367
3333368
3333369
3333371
3333372
3333373
3333375
3333376
3333377
3333378
3333379
3333381
3333382
3333383
3333385
3333386
3333387
3333388
3333389
3333391
3333392
3333393
3333395
3333396
3333397
3333398
3333399
3333511
3333512
3333513
3333515
3333516
3333517
3333518
3333519
3333521
3333522
3333523
3333525
3333526
3333527
3333528
3333529
3333531
3333532
3333533
3333535
3333536
3333537
3333538
3333539
3333551
3333552
3333553
3333555
3333556
3333557
3333558
3333559
3333561
3333562
3333563
3333565
3333566
3333567
3333568
3333569
3333571
3333572
3333573
3333575
3333576
3333577
3333578
3333579
3333581
3333582
3333583
3333585
3333586
3333587
3333588
3333589
3333591
3333592
3333593
3333595
3333596
3333597
3333598
3333599
3333611
3333612
3333613
3333615
3333616
3333617
3333618
3333619
3333621
3333622
3333623
3333625
3333626
3333627
3333628
3333629
3333631
3333632
3333633
3333635
3333636
3333637
3333638
3333639
3333651
3333652
3333653
3333655
3333656
3333657
3333658
3333659
3333661
3333662
3333663
3333665
3333666
3333667
3333668
3333669
3333671
3333672
3333673
3333675
3333676
3333677
3333678
3333679
3333681
3333682
3333683
3333685
3333686
3333687
3333688
3333689
3333691
3333692
3333693
3333695
3333696
3333697
3333698
3333699
3333711
3333712
3333713
3333715
3333716
3333717
3333718
3333719
3333721
3333722
3333723
3333725
3333726
3333727
3333728
3333729
3333731
3333732
3333733
3333735
3333736
3333737
3333738
3333739
3333751
3333752
3333753
3333755
3333756
3333757
3333758
3333759
3333761
3333762
3333763
3333765
3333766
3333767
3333768
3333769
3333771
3333772
3333773
3333775
3333776
3333777
3333778
3333779
3333781
3333782
3333783
3333785
3333786
3333787
3333788
3333789
3333791
3333792
3333793
3333795
3333796
3333797
3333798
3333799
3333811
3333812
3333813
3333815
3333816
3333817
3333818
3333819
3333821
3333822
3333823
3333825
3333826
3333827
3333828
3333829
3333831
3333832
3333833
3333835
3333836
3333837
3333838
3333839
3333851
3333852
3333853
3333855
3333856
3333857
3333858
3333859
3333861
3333862
3333863
3333865
3333866
3333867
3333868
3333869
3333871
3333872
3333873
3333875
3333876
3333877
3333878
3333879
3333881
3333882
3333883
3333885
3333886
3333887
3333888
3333889
3333891
3333892
3333893
3333895
3333896
3333897
3333898
3333899
3333911
3333912
3333913
3333915
3333916
3333917
3333918
3333919
3333921
3333922
3333923
3333925
3333926
3333927
3333928
3333929
3333931
3333932
3333933
3333935
3333936
3333937
3333938
3333939
3333951
3333952
3333953
3333955
3333956
3333957
3333958
3333959
3333961
3333962
3333963
3333965
3333966
3333967
3333968
3333969
3333971
3333972
3333973
3333975
3333976
3333977
3333978
3333979
3333981
3333982
3333983
3333985
3333986
3333987
3333988
3333989
3333991
3333992
3333993
3333995
3333996
3333997
3333998
3333999
5555111
5555112
5555113
5555115
5555116
5555117
5555118
5555119
5555121
5555122
5555123
5555125
5555126
5555127
5555128
5555129
5555131
5555132
5555133
5555135
5555136
5555137
5555138
5555139
5555151
5555152
5555153
5555155
5555156
5555157
5555158
5555159
5555161
5555162
5555163
5555165
5555166
5555167
5555168
5555169
5555171
5555172
5555173
5555175
5555176
5555177
5555178
5555179
5555181
5555182
5555183
5555185
5555186
5555187
5555188
5555189
5555191
5555192
5555193
5555195
5555196
5555197
5555198
5555199
5555211
5555212
5555213
5555215
5555216
5555217
5555218
5555219
5555221
5555222
5555223
5555225
5555226
5555227
5555228
5555229
5555231
5555232
5555233
5555235
5555236
5555237
5555238
5555239
5555251
5555252
5555253
5555255
5555256
5555257
5555258
5555259
5555261
5555262
5555263
5555265
5555266
5555267
5555268
5555269
5555271
5555272
5555273
5555275
5555276
5555277
5555278
5555279
5555281
5555282
5555283
5555285
5555286
5555287
5555288
5555289
5555291
5555292
5555293
5555295
5555296
5555297
5555298
5555299
5555311
5555312
5555313
5555315
5555316
5555317
5555318
5555319
5555321
5555322
5555323
5555325
5555326
5555327
5555328
5555329
5555331
5555332
5555333
5555335
5555336
5555337
5555338
5555339
5555351
5555352
5555353
5555355
5555356
5555357
5555358
5555359
5555361
5555362
5555363
5555365
5555366
5555367
5555368
5555369
5555371
5555372
5555373
5555375
5555376
5555377
5555378
5555379
5555381
5555382
5555383
5555385
5555386
5555387
5555388
5555389
5555391
5555392
5555393
5555395
5555396
5555397
5555398
5555399
5555511
5555512
5555513
5555515
5555516
5555517
5555518
5555519
5555521
5555522
5555523
5555525
5555526
5555527
5555528
5555529
5555531
5555532
5555533
5555535
5555536
5555537
5555538
5555539
5555551
5555552
5555553
5555555
5555556
5555557
5555558
5555559
5555561
5555562
5555563
5555565
5555566
5555567
5555568
5555569
5555571
5555572
5555573
5555575
5555576
5555577
5555578
5555579
5555581
5555582
5555583
5555585
5555586
5555587
5555588
5555589
5555591
5555592
5555593
5555595
5555596
5555597
5555598
5555599
5555611
5555612
5555613
5555615
5555616
5555617
5555618
5555619
5555621
5555622
5555623
5555625
5555626
5555627
5555628
5555629
5555631
5555632
5555633
5555635
5555636
5555637
5555638
5555639
5555651
5555652
5555653
5555655
5555656
5555657
5555658
5555659
5555661
5555662
5555663
5555665
5555666
5555667
5555668
5555669
5555671
5555672
5555673
5555675
5555676
5555677
5555678
5555679
5555681
5555682
5555683
5555685
5555686
5555687
5555688
5555689
5555691
5555692
5555693
5555695
5555696
5555697
5555698
5555699
5555711
5555712
5555713
5555715
5555716
5555717
5555718
5555719
5555721
5555722
5555723
5555725
5555726
5555727
5555728
5555729
5555731
5555732
5555733
5555735
5555736
5555737
5555738
5555739
5555751
5555752
5555753
5555755
5555756
5555757
5555758
5555759
5555761
5555762
5555763
5555765
5555766
5555767
5555768
5555769
5555771
5555772
5555773
5555775
5555776
5555777
5555778
5555779
5555781
5555782
5555783
5555785
5555786
5555787
5555788
5555789
5555791
5555792
5555793
5555795
5555796
5555797
5555798
5555799
5555811
5555812
5555813
5555815
5555816
5555817
5555818
5555819
5555821
5555822
5555823
5555825
5555826
5555827
5555828
5555829
5555831
5555832
5555833
5555835
5555836
5555837
5555838
5555839
5555851
5555852
5555853
5555855
5555856
5555857
5555858
5555859
5555861
5555862
5555863
5555865
5555866
5555867
5555868
5555869
5555871
5555872
5555873
5555875
5555876
5555877
5555878
5555879
5555881
5555882
5555883
5555885
5555886
5555887
5555888
5555889
5555891
5555892
5555893
5555895
5555896
5555897
5555898
5555899
5555911
5555912
5555913
5555915
5555916
5555917
5555918
5555919
5555921
5555922
5555923
5555925
5555926
5555927
5555928
5555929
5555931
5555932
5555933
5555935
5555936
5555937
5555938
5555939
5555951
5555952
5555953
5555955
5555956
5555957
5555958
5555959
5555961
5555962
5555963
5555965
5555966
5555967
5555968
5555969
5555971
5555972
5555973
5555975
5555976
5555977
5555978
5555979
5555981
5555982
5555983
5555985
5555986
5555987
5555988
5555989
5555991
5555992
5555993
5555995
5555996
5555997
5555998
5555999
6666111
6666112
6666113
6666115
6666116
6666117
6666118
6666119
6666121
6666122
6666123
6666125
6666126
6666127
6666128
6666129
6666131
6666132
6666133
6666135
6666136
6666137
6666138
6666139
6666151
6666152
6666153
6666155
6666156
6666157
6666158
6666159
6666161
6666162
6666163
6666165
6666166
6666167
6666168
6666169
6666171
6666172
6666173
6666175
6666176
6666177
6666178
6666179
6666181
6666182
6666183
6666185
6666186
6666187
6666188
6666189
6666191
6666192
6666193
6666195
6666196
6666197
6666198
6666199
6666211
6666212
6666213
6666215
6666216
6666217
6666218
6666219
6666221
6666222
6666223
6666225
6666226
6666227
6666228
6666229
6666231
6666232
6666233
6666235
6666236
6666237
6666238
6666239
6666251
6666252
6666253
6666255
6666256
6666257
6666258
6666259
6666261
6666262
6666263
6666265
6666266
6666267
6666268
6666269
6666271
6666272
6666273
6666275
6666276
6666277
6666278
6666279
6666281
6666282
6666283
6666285
6666286
6666287
6666288
6666289
6666291
6666292
6666293
6666295
6666296
6666297
6666298
6666299
6666311
6666312
6666313
6666315
6666316
6666317
6666318
6666319
6666321
6666322
6666323
6666325
6666326
6666327
6666328
6666329
6666331
6666332
6666333
6666335
6666336
6666337
6666338
6666339
6666351
6666352
6666353
6666355
6666356
6666357
6666358
6666359
6666361
6666362
6666363
6666365
6666366
6666367
6666368
6666369
6666371
6666372
6666373
6666375
6666376
6666377
6666378
6666379
6666381
6666382
6666383
6666385
6666386
6666387
6666388
6666389
6666391
6666392
6666393
6666395
6666396
6666397
6666398
6666399
6666511
6666512
6666513
6666515
6666516
6666517
6666518
6666519
6666521
6666522
6666523
6666525
6666526
6666527
6666528
6666529
6666531
6666532
6666533
6666535
6666536
6666537
6666538
6666539
6666551
6666552
6666553
6666555
6666556
6666557
6666558
6666559
6666561
6666562
6666563
6666565
6666566
6666567
6666568
6666569
6666571
6666572
6666573
6666575
6666576
6666577
6666578
6666579
6666581
6666582
6666583
6666585
6666586
6666587
6666588
6666589
6666591
6666592
6666593
6666595
6666596
6666597
6666598
6666599
6666611
6666612
6666613
6666615
6666616
6666617
6666618
6666619
6666621
6666622
6666623
6666625
6666626
6666627
6666628
6666629
6666631
6666632
6666633
6666635
6666636
6666637
6666638
6666639
6666651
6666652
6666653
6666655
6666656
6666657
6666658
6666659
6666661
6666662
6666663
6666665
6666666
6666667
6666668
6666669
6666671
6666672
6666673
6666675
6666676
6666677
6666678
6666679
6666681
6666682
6666683
6666685
6666686
6666687
6666688
6666689
6666691
6666692
6666693
6666695
6666696
6666697
6666698
6666699
6666711
6666712
6666713
6666715
6666716
6666717
6666718
6666719
6666721
6666722
6666723
6666725
6666726
6666727
6666728
6666729
6666731
6666732
6666733
6666735
6666736
6666737
6666738
6666739
6666751
6666752
6666753
6666755
6666756
6666757
6666758
6666759
6666761
6666762
6666763
6666765
6666766
6666767
6666768
6666769
6666771
6666772
6666773
6666775
6666776
6666777
6666778
6666779
6666781
6666782
6666783
6666785
6666786
6666787
6666788
6666789
6666791
6666792
6666793
6666795
6666796
6666797
6666798
6666799
6666811
6666812
6666813
6666815
6666816
6666817
6666818
6666819
6666821
6666822
6666823
6666825
6666826
6666827
6666828
6666829
6666831
6666832
6666833
6666835
6666836
6666837
6666838
6666839
6666851
6666852
6666853
6666855
6666856
6666857
6666858
6666859
6666861
6666862
6666863
6666865
6666866
6666867
6666868
6666869
6666871
6666872
6666873
6666875
6666876
6666877
6666878
6666879
6666881
6666882
6666883
6666885
6666886
6666887
6666888
6666889
6666891
6666892
6666893
6666895
6666896
6666897
6666898
6666899
6666911
6666912
6666913
6666915
6666916
6666917
6666918
6666919
6666921
6666922
6666923
6666925
6666926
6666927
6666928
6666929
6666931
6666932
6666933
6666935
6666936
6666937
6666938
6666939
6666951
6666952
6666953
6666955
6666956
6666957
6666958
6666959
6666961
6666962
6666963
6666965
6666966
6666967
6666968
6666969
6666971
6666972
6666973
6666975
6666976
6666977
6666978
6666979
6666981
6666982
6666983
6666985
6666986
6666987
6666988
6666989
6666991
6666992
6666993
6666995
6666996
6666997
6666998
6666999
7777111
7777112
7777113
7777115
7777116
7777117
7777118
7777119
7777121
7777122
7777123
7777125
7777126
7777127
7777128
7777129
7777131
7777132
7777133
7777135
7777136
7777137
7777138
7777139
7777151
7777152
7777153
7777155
7777156
7777157
7777158
7777159
7777161
7777162
7777163
7777165
7777166
7777167
7777168
7777169
7777171
7777172
7777173
7777175
7777176
7777177
7777178
7777179
7777181
7777182
7777183
7777185
7777186
7777187
7777188
7777189
7777191
7777192
7777193
7777195
7777196
7777197
7777198
7777199
7777211
7777212
7777213
7777215
7777216
7777217
7777218
7777219
7777221
7777222
7777223
7777225
7777226
7777227
7777228
7777229
7777231
7777232
7777233
7777235
7777236
7777237
7777238
7777239
7777251
7777252
7777253
7777255
7777256
7777257
7777258
7777259
7777261
7777262
7777263
7777265
7777266
7777267
7777268
7777269
7777271
7777272
7777273
7777275
7777276
7777277
7777278
7777279
7777281
7777282
7777283
7777285
7777286
7777287
7777288
7777289
7777291
7777292
7777293
7777295
7777296
7777297
7777298
7777299
7777311
7777312
7777313
7777315
7777316
7777317
7777318
7777319
7777321
7777322
7777323
7777325
7777326
7777327
7777328
7777329
7777331
7777332
7777333
7777335
7777336
7777337
7777338
7777339
7777351
7777352
7777353
7777355
7777356
7777357
7777358
7777359
7777361
7777362
7777363
7777365
7777366
7777367
7777368
7777369
7777371
7777372
7777373
7777375
7777376
7777377
7777378
7777379
7777381
7777382
7777383
7777385
7777386
7777387
7777388
7777389
7777391
7777392
7777393
7777395
7777396
7777397
7777398
7777399
7777511
7777512
7777513
7777515
7777516
7777517
7777518
7777519
7777521
7777522
7777523
7777525
7777526
7777527
7777528
7777529
7777531
7777532
7777533
7777535
7777536
7777537
7777538
7777539
7777551
7777552
7777553
7777555
7777556
7777557
7777558
7777559
7777561
7777562
7777563
7777565
7777566
7777567
7777568
7777569
7777571
7777572
7777573
7777575
7777576
7777577
7777578
7777579
7777581
7777582
7777583
7777585
7777586
7777587
7777588
7777589
7777591
7777592
7777593
7777595
7777596
7777597
7777598
7777599
7777611
7777612
7777613
7777615
7777616
7777617
7777618
7777619
7777621
7777622
7777623
7777625
7777626
7777627
7777628
7777629
7777631
7777632
7777633
7777635
7777636
7777637
7777638
7777639
7777651
7777652
7777653
7777655
7777656
7777657
7777658
7777659
7777661
7777662
7777663
7777665
7777666
7777667
7777668
7777669
7777671
7777672
7777673
7777675
7777676
7777677
7777678
7777679
7777681
7777682
7777683
7777685
7777686
7777687
7777688
7777689
7777691
7777692
7777693
7777695
7777696
7777697
7777698
7777699
7777711
7777712
7777713
7777715
7777716
7777717
7777718
7777719
7777721
7777722
7777723
7777725
7777726
7777727
7777728
7777729
7777731
7777732
7777733
7777735
7777736
7777737
7777738
7777739
7777751
7777752
7777753
7777755
7777756
7777757
7777758
7777759
7777761
7777762
7777763
7777765
7777766
7777767
7777768
7777769
7777771
7777772
7777773
7777775
7777776
7777777
7777778
7777779
7777781
7777782
7777783
7777785
7777786
7777787
7777788
7777789
7777791
7777792
7777793
7777795
7777796
7777797
7777798
7777799
7777811
7777812
7777813
7777815
7777816
7777817
7777818
7777819
7777821
7777822
7777823
7777825
7777826
7777827
7777828
7777829
7777831
7777832
7777833
7777835
7777836
7777837
7777838
7777839
7777851
7777852
7777853
7777855
7777856
7777857
7777858
7777859
7777861
7777862
7777863
7777865
7777866
7777867
7777868
7777869
7777871
7777872
7777873
7777875
7777876
7777877
7777878
7777879
7777881
7777882
7777883
7777885
7777886
7777887
7777888
7777889
7777891
7777892
7777893
7777895
7777896
7777897
7777898
7777899
7777911
7777912
7777913
7777915
7777916
7777917
7777918
7777919
7777921
7777922
7777923
7777925
7777926
7777927
7777928
7777929
7777931
7777932
7777933
7777935
7777936
7777937
7777938
7777939
7777951
7777952
7777953
7777955
7777956
7777957
7777958
7777959
7777961
7777962
7777963
7777965
7777966
7777967
7777968
7777969
7777971
7777972
7777973
7777975
7777976
7777977
7777978
7777979
7777981
7777982
7777983
7777985
7777986
7777987
7777988
7777989
7777991
7777992
7777993
7777995
7777996
7777997
7777998
7777999
8888111
8888112
8888113
8888115
8888116
8888117
8888118
8888119
8888121
8888122
8888123
8888125
8888126
8888127
8888128
8888129
8888131
8888132
8888133
8888135
8888136
8888137
8888138
8888139
8888151
8888152
8888153
8888155
8888156
8888157
8888158
8888159
8888161
8888162
8888163
8888165
8888166
8888167
8888168
8888169
8888171
8888172
8888173
8888175
8888176
8888177
8888178
8888179
8888181
8888182
8888183
8888185
8888186
8888187
8888188
8888189
8888191
8888192
8888193
8888195
8888196
8888197
8888198
8888199
8888211
8888212
8888213
8888215
8888216
8888217
8888218
8888219
8888221
8888222
8888223
8888225
8888226
8888227
8888228
8888229
8888231
8888232
8888233
8888235
8888236
8888237
8888238
8888239
8888251
8888252
8888253
8888255
8888256
8888257
8888258
8888259
8888261
8888262
8888263
8888265
8888266
8888267
8888268
8888269
8888271
8888272
8888273
8888275
8888276
8888277
8888278
8888279
8888281
8888282
8888283
8888285
8888286
8888287
8888288
8888289
8888291
8888292
8888293
8888295
8888296
8888297
8888298
8888299
8888311
8888312
8888313
8888315
8888316
8888317
8888318
8888319
8888321
8888322
8888323
8888325
8888326
8888327
8888328
8888329
8888331
8888332
8888333
8888335
8888336
8888337
8888338
8888339
8888351
8888352
8888353
8888355
8888356
8888357
8888358
8888359
8888361
8888362
8888363
8888365
8888366
8888367
8888368
8888369
8888371
8888372
8888373
8888375
8888376
8888377
8888378
8888379
8888381
8888382
8888383
8888385
8888386
8888387
8888388
8888389
8888391
8888392
8888393
8888395
8888396
8888397
8888398
8888399
8888511
8888512
8888513
8888515
8888516
8888517
8888518
8888519
8888521
8888522
8888523
8888525
8888526
8888527
8888528
8888529
8888531
8888532
8888533
8888535
8888536
8888537
8888538
8888539
8888551
8888552
8888553
8888555
8888556
8888557
8888558
8888559
8888561
8888562
8888563
8888565
8888566
8888567
8888568
8888569
8888571
8888572
8888573
8888575
8888576
8888577
8888578
8888579
8888581
8888582
8888583
8888585
8888586
8888587
8888588
8888589
8888591
8888592
8888593
8888595
8888596
8888597
8888598
8888599
8888611
8888612
8888613
8888615
8888616
8888617
8888618
8888619
8888621
8888622
8888623
8888625
8888626
8888627
8888628
8888629
8888631
8888632
8888633
8888635
8888636
8888637
8888638
8888639
8888651
8888652
8888653
8888655
8888656
8888657
8888658
8888659
8888661
8888662
8888663
8888665
8888666
8888667
8888668
8888669
8888671
8888672
8888673
8888675
8888676
8888677
8888678
8888679
8888681
8888682
8888683
8888685
8888686
8888687
8888688
8888689
8888691
8888692
8888693
8888695
8888696
8888697
8888698
8888699
8888711
8888712
8888713
8888715
8888716
8888717
8888718
8888719
8888721
8888722
8888723
8888725
8888726
8888727
8888728
8888729
8888731
8888732
8888733
8888735
8888736
8888737
8888738
8888739
8888751
8888752
8888753
8888755
8888756
8888757
8888758
8888759
8888761
8888762
8888763
8888765
8888766
8888767
8888768
8888769
8888771
8888772
8888773
8888775
8888776
8888777
8888778
8888779
8888781
8888782
8888783
8888785
8888786
8888787
8888788
8888789
8888791
8888792
8888793
8888795
8888796
8888797
8888798
8888799
8888811
8888812
8888813
8888815
8888816
8888817
8888818
8888819
8888821
8888822
8888823
8888825
8888826
8888827
8888828
8888829
8888831
8888832
8888833
8888835
8888836
8888837
8888838
8888839
8888851
8888852
8888853
8888855
8888856
8888857
8888858
8888859
8888861
8888862
8888863
8888865
8888866
8888867
8888868
8888869
8888871
8888872
8888873
8888875
8888876
8888877
8888878
8888879
8888881
8888882
8888883
8888885
8888886
8888887
8888888
8888889
8888891
8888892
8888893
8888895
8888896
8888897
8888898
8888899
8888911
8888912
8888913
8888915
8888916
8888917
8888918
8888919
8888921
8888922
8888923
8888925
8888926
8888927
8888928
8888929
8888931
8888932
8888933
8888935
8888936
8888937
8888938
8888939
8888951
8888952
8888953
8888955
8888956
8888957
8888958
8888959
8888961
8888962
8888963
8888965
8888966
8888967
8888968
8888969
8888971
8888972
8888973
8888975
8888976
8888977
8888978
8888979
8888981
8888982
8888983
8888985
8888986
8888987
8888988
8888989
8888991
8888992
8888993
8888995
8888996
8888997
8888998
8888999
9999111
9999112
9999113
9999115
9999116
9999117
9999118
9999119
9999121
9999122
9999123
9999125
9999126
9999127
9999128
9999129
9999131
9999132
9999133
9999135
9999136
9999137
9999138
9999139
9999151
9999152
9999153
9999155
9999156
9999157
9999158
9999159
9999161
9999162
9999163
9999165
9999166
9999167
9999168
9999169
9999171
9999172
9999173
9999175
9999176
9999177
9999178
9999179
9999181
9999182
9999183
9999185
9999186
9999187
9999188
9999189
9999191
9999192
9999193
9999195
9999196
9999197
9999198
9999199
9999211
9999212
9999213
9999215
9999216
9999217
9999218
9999219
9999221
9999222
9999223
9999225
9999226
9999227
9999228
9999229
9999231
9999232
9999233
9999235
9999236
9999237
9999238
9999239
9999251
9999252
9999253
9999255
9999256
9999257
9999258
9999259
9999261
9999262
9999263
9999265
9999266
9999267
9999268
9999269
9999271
9999272
9999273
9999275
9999276
9999277
9999278
9999279
9999281
9999282
9999283
9999285
9999286
9999287
9999288
9999289
9999291
9999292
9999293
9999295
9999296
9999297
9999298
9999299
9999311
9999312
9999313
9999315
9999316
9999317
9999318
9999319
9999321
9999322
9999323
9999325
9999326
9999327
9999328
9999329
9999331
9999332
9999333
9999335
9999336
9999337
9999338
9999339
9999351
9999352
9999353
9999355
9999356
9999357
9999358
9999359
9999361
9999362
9999363
9999365
9999366
9999367
9999368
9999369
9999371
9999372
9999373
9999375
9999376
9999377
9999378
9999379
9999381
9999382
9999383
9999385
9999386
9999387
9999388
9999389
9999391
9999392
9999393
9999395
9999396
9999397
9999398
9999399
9999511
9999512
9999513
9999515
9999516
9999517
9999518
9999519
9999521
9999522
9999523
9999525
9999526
9999527
9999528
9999529
9999531
9999532
9999533
9999535
9999536
9999537
9999538
9999539
9999551
9999552
9999553
9999555
9999556
9999557
9999558
9999559
9999561
9999562
9999563
9999565
9999566
9999567
9999568
9999569
9999571
9999572
9999573
9999575
9999576
9999577
9999578
9999579
9999581
9999582
9999583
9999585
9999586
9999587
9999588
9999589
9999591
9999592
9999593
9999595
9999596
9999597
9999598
9999599
9999611
9999612
9999613
9999615
9999616
9999617
9999618
9999619
9999621
9999622
9999623
9999625
9999626
9999627
9999628
9999629
9999631
9999632
9999633
9999635
9999636
9999637
9999638
9999639
9999651
9999652
9999653
9999655
9999656
9999657
9999658
9999659
9999661
9999662
9999663
9999665
9999666
9999667
9999668
9999669
9999671
9999672
9999673
9999675
9999676
9999677
9999678
9999679
9999681
9999682
9999683
9999685
9999686
9999687
9999688
9999689
9999691
9999692
9999693
9999695
9999696
9999697
9999698
9999699
9999711
9999712
9999713
9999715
9999716
9999717
9999718
9999719
9999721
9999722
9999723
9999725
9999726
9999727
9999728
9999729
9999731
9999732
9999733
9999735
9999736
9999737
9999738
9999739
9999751
9999752
9999753
9999755
9999756
9999757
9999758
9999759
9999761
9999762
9999763
9999765
9999766
9999767
9999768
9999769
9999771
9999772
9999773
9999775
9999776
9999777
9999778
9999779
9999781
9999782
9999783
9999785
9999786
9999787
9999788
9999789
9999791
9999792
9999793
9999795
9999796
9999797
9999798
9999799
9999811
9999812
9999813
9999815
9999816
9999817
9999818
9999819
9999821
9999822
9999823
9999825
9999826
9999827
9999828
9999829
9999831
9999832
9999833
9999835
9999836
9999837
9999838
9999839
9999851
9999852
9999853
9999855
9999856
9999857
9999858
9999859
9999861
9999862
9999863
9999865
9999866
9999867
9999868
9999869
9999871
9999872
9999873
9999875
9999876
9999877
9999878
9999879
9999881
9999882
9999883
9999885
9999886
9999887
9999888
9999889
9999891
9999892
9999893
9999895
9999896
9999897
9999898
9999899
9999911
9999912
9999913
9999915
9999916
9999917
9999918
9999919
9999921
9999922
9999923
9999925
9999926
9999927
9999928
9999929
9999931
9999932
9999933
9999935
9999936
9999937
9999938
9999939
9999951
9999952
9999953
9999955
9999956
9999957
9999958
9999959
9999961
9999962
9999963
9999965
9999966
9999967
9999968
9999969
9999971
9999972
9999973
9999975
9999976
9999977
9999978
9999979
9999981
9999982
9999983
9999985
9999986
9999987
9999988
9999989
9999991
9999992
9999993
9999995
9999996
9999997
9999998
9999999
